#   H  AMS02(2011/06-2013/11)
#   <E>  Elo  Eup   y   ystat_lo  ystat_up  ysyst_lo  ysyst_up  yerrtot_lo  yerrtot_up
4.897100e-01 4.330753e-01 5.537938e-01 8.315484e+02 1.061156e+00 1.061156e+00 3.554873e+01 3.554873e+01 3.556456e+01 3.556456e+01
6.179475e-01 5.537938e-01 6.894980e-01 8.303495e+02 5.013431e-01 5.013431e-01 2.832589e+01 2.832589e+01 2.833033e+01 2.833033e+01
7.609014e-01 6.894980e-01 8.396251e-01 7.714410e+02 4.797518e-01 4.797518e-01 2.122902e+01 2.122902e+01 2.123444e+01 2.123444e+01
9.220091e-01 8.396251e-01 1.012372e+00 7.016549e+02 3.474112e-01 3.474112e-01 1.748636e+01 1.748636e+01 1.748981e+01 1.748981e+01
1.101725e+00 1.012372e+00 1.198879e+00 6.243321e+02 2.252280e-01 2.252280e-01 1.418937e+01 1.418937e+01 1.419116e+01 1.419116e+01
1.299135e+00 1.198879e+00 1.407710e+00 5.499779e+02 2.202996e-01 2.202996e-01 1.145558e+01 1.145558e+01 1.145770e+01 1.145770e+01
1.518869e+00 1.407710e+00 1.638792e+00 4.782251e+02 2.163915e-01 2.163915e-01 9.196637e+00 9.196637e+00 9.199182e+00 9.199182e+00
1.760813e+00 1.638792e+00 1.891975e+00 4.135836e+02 1.066487e-01 1.066487e-01 7.358759e+00 7.358759e+00 7.359532e+00 7.359532e+00
2.029244e+00 1.891975e+00 2.176605e+00 3.540560e+02 1.054052e-01 1.054052e-01 5.902689e+00 5.902689e+00 5.903630e+00 5.903630e+00
2.324695e+00 2.176605e+00 2.483106e+00 3.009032e+02 1.044078e-01 1.044078e-01 4.802757e+00 4.802757e+00 4.803892e+00 4.803892e+00
2.646460e+00 2.483106e+00 2.820918e+00 2.541565e+02 1.036105e-01 1.036105e-01 3.833587e+00 3.833587e+00 3.834987e+00 3.834987e+00
2.999540e+00 2.820918e+00 3.189986e+00 2.129299e+02 1.029642e-01 1.029642e-01 3.088926e+00 3.088926e+00 3.090642e+00 3.090642e+00
3.383881e+00 3.189986e+00 3.590220e+00 1.773268e+02 1.024418e-01 1.024418e-01 2.561045e+00 2.561045e+00 2.563093e+00 2.563093e+00
3.803991e+00 3.590220e+00 4.031334e+00 1.466986e+02 0.000000e+00 0.000000e+00 2.040314e+00 2.040314e+00 2.040314e+00 2.040314e+00
4.265023e+00 4.031334e+00 4.513310e+00 1.203722e+02 0.000000e+00 0.000000e+00 1.626652e+00 1.626652e+00 1.626652e+00 1.626652e+00
4.766954e+00 4.513310e+00 5.036101e+00 9.824707e+01 3.041391e-02 3.041391e-02 1.317936e+00 1.317936e+00 1.318287e+00 1.318287e+00
5.309718e+00 5.036101e+00 5.599644e+00 7.993603e+01 2.022929e-02 2.022929e-02 1.051923e+00 1.051923e+00 1.052117e+00 1.052117e+00
5.897924e+00 5.599644e+00 6.213783e+00 6.481305e+01 2.019098e-02 2.019098e-02 8.379258e-01 8.379258e-01 8.381690e-01 8.381690e-01
6.536771e+00 6.213783e+00 6.878489e+00 5.238409e+01 2.015936e-02 2.015936e-02 6.753385e-01 6.753385e-01 6.756393e-01 6.756393e-01
7.226217e+00 6.878489e+00 7.593724e+00 4.227997e+01 1.006666e-02 1.006666e-02 5.435997e-01 5.435997e-01 5.436929e-01 5.436929e-01
7.970941e+00 7.593724e+00 8.369390e+00 3.404925e+01 1.005589e-02 1.005589e-02 4.324034e-01 4.324034e-01 4.325203e-01 4.325203e-01
8.776157e+00 8.369390e+00 9.205467e+00 2.736788e+01 1.004695e-02 1.004695e-02 3.415962e-01 3.415962e-01 3.417439e-01 3.417439e-01
9.641867e+00 9.205467e+00 1.010192e+01 2.198658e+01 1.003953e-02 1.003953e-02 2.811070e-01 2.811070e-01 2.812862e-01 2.812862e-01
1.058684e+01 1.010192e+01 1.109861e+01 1.763852e+01 1.003329e-02 1.003329e-02 2.207323e-01 2.207323e-01 2.209602e-01 2.209602e-01
1.158488e+01 1.109861e+01 1.209580e+01 1.420992e+01 1.002817e-02 1.002817e-02 1.805071e-01 1.805071e-01 1.807854e-01 1.807854e-01
1.263066e+01 1.209580e+01 1.319317e+01 1.150753e+01 0.000000e+00 0.000000e+00 1.503597e-01 1.503597e-01 1.503597e-01 1.503597e-01
1.377683e+01 1.319317e+01 1.439073e+01 9.284883e+00 4.008152e-03 4.008152e-03 1.182405e-01 1.182405e-01 1.183084e-01 1.183084e-01
1.502329e+01 1.439073e+01 1.568848e+01 7.472915e+00 3.005194e-03 3.005194e-03 9.516447e-02 9.516447e-02 9.521191e-02 9.521191e-02
1.636994e+01 1.568848e+01 1.708643e+01 6.003823e+00 3.004415e-03 3.004415e-03 7.711333e-02 7.711333e-02 7.717184e-02 7.717184e-02
1.781697e+01 1.708643e+01 1.858455e+01 4.838055e+00 2.002506e-03 2.002506e-03 6.207769e-02 6.207769e-02 6.210998e-02 6.210998e-02
1.936428e+01 1.858455e+01 2.018284e+01 3.898163e+00 2.002138e-03 2.002138e-03 5.005345e-02 5.005345e-02 5.009348e-02 5.009348e-02
2.101176e+01 2.018284e+01 2.188129e+01 3.153881e+00 2.001829e-03 2.001829e-03 4.103749e-02 4.103749e-02 4.108629e-02 4.108629e-02
2.280714e+01 2.188129e+01 2.377981e+01 2.539983e+00 1.000781e-03 1.000781e-03 3.302578e-02 3.302578e-02 3.304094e-02 3.304094e-02
2.475513e+01 2.377981e+01 2.577848e+01 2.041361e+00 1.000667e-03 1.000667e-03 2.601734e-02 2.601734e-02 2.603658e-02 2.603658e-02
2.680337e+01 2.577848e+01 2.787728e+01 1.650944e+00 1.000572e-03 1.000572e-03 2.101201e-02 2.101201e-02 2.103582e-02 2.103582e-02
2.899950e+01 2.787728e+01 3.017615e+01 1.335656e+00 1.000491e-03 1.000491e-03 1.700835e-02 1.700835e-02 1.703775e-02 1.703775e-02
3.134813e+01 3.017615e+01 3.257513e+01 1.082457e+00 1.000422e-03 1.000422e-03 1.400591e-02 1.400591e-02 1.404159e-02 1.404159e-02
3.384465e+01 3.257513e+01 3.517419e+01 8.794198e-01 6.002183e-04 6.002183e-04 1.150418e-02 1.150418e-02 1.151983e-02 1.151983e-02
3.654154e+01 3.517419e+01 3.797331e+01 7.134235e-01 5.001567e-04 5.001567e-04 9.302914e-03 9.302914e-03 9.316349e-03 9.316349e-03
3.943860e+01 3.797331e+01 4.097250e+01 5.794564e-01 5.001350e-04 5.001350e-04 7.602052e-03 7.602052e-03 7.618486e-03 7.618486e-03
4.253582e+01 4.097250e+01 4.417176e+01 4.717098e-01 4.000931e-04 4.000931e-04 6.201444e-03 6.201444e-03 6.214337e-03 6.214337e-03
4.583331e+01 4.417176e+01 4.757107e+01 3.839772e-01 4.000805e-04 4.000805e-04 5.101026e-03 5.101026e-03 5.116691e-03 5.116691e-03
4.937885e+01 4.757107e+01 5.127043e+01 3.128544e-01 3.000521e-04 3.000521e-04 4.200730e-03 4.200730e-03 4.211433e-03 4.211433e-03
5.317683e+01 5.127043e+01 5.516985e+01 2.549383e-01 3.000451e-04 3.000451e-04 3.400511e-03 3.400511e-03 3.413723e-03 3.413723e-03
5.722287e+01 5.516985e+01 5.936930e+01 2.080271e-01 2.000260e-04 2.000260e-04 2.800364e-03 2.800364e-03 2.807499e-03 2.807499e-03
6.156914e+01 5.936930e+01 6.386879e+01 1.701192e-01 2.000225e-04 2.000225e-04 2.300259e-03 2.300259e-03 2.308939e-03 2.308939e-03
6.626345e+01 6.386879e+01 6.876832e+01 1.393136e-01 2.000195e-04 2.000195e-04 1.900185e-03 1.900185e-03 1.910683e-03 1.910683e-03
7.131039e+01 6.876832e+01 7.396788e+01 1.132095e-01 2.000169e-04 2.000169e-04 1.500126e-03 1.500126e-03 1.513402e-03 1.513402e-03
7.670547e+01 7.396788e+01 7.956747e+01 9.263676e-02 1.300095e-04 1.300095e-04 1.270093e-03 1.270093e-03 1.276730e-03 1.276730e-03
8.250078e+01 7.956747e+01 8.556709e+01 7.530476e-02 1.200076e-04 1.200076e-04 1.040066e-03 1.040066e-03 1.046967e-03 1.046967e-03
8.874431e+01 8.556709e+01 9.206673e+01 6.146336e-02 1.000055e-04 1.000055e-04 8.500465e-04 8.500465e-04 8.559090e-04 8.559090e-04
9.548827e+01 9.206673e+01 9.906640e+01 5.026238e-02 9.000426e-05 9.000426e-05 7.000331e-04 7.000331e-04 7.057954e-04 7.057954e-04
1.029712e+02 9.906640e+01 1.070661e+02 4.085166e-02 7.000285e-05 7.000285e-05 5.800236e-04 5.800236e-04 5.842326e-04 5.842326e-04
1.109779e+02 1.070661e+02 1.150658e+02 3.294116e-02 7.000246e-05 7.000246e-05 4.700165e-04 4.700165e-04 4.752009e-04 4.752009e-04
1.194617e+02 1.150658e+02 1.240655e+02 2.698082e-02 6.000182e-05 6.000182e-05 3.900118e-04 3.900118e-04 3.946003e-04 3.946003e-04
1.289464e+02 1.240655e+02 1.340653e+02 2.174057e-02 5.000130e-05 5.000130e-05 3.200083e-04 3.200083e-04 3.238911e-04 3.238911e-04
1.399071e+02 1.340653e+02 1.460650e+02 1.727038e-02 4.000089e-05 4.000089e-05 2.600058e-04 2.600058e-04 2.630648e-04 2.630648e-04
1.523949e+02 1.460650e+02 1.590648e+02 1.358025e-02 3.000056e-05 3.000056e-05 2.100039e-04 2.100039e-04 2.121360e-04 2.121360e-04
1.663576e+02 1.590648e+02 1.740645e+02 1.065017e-02 3.000047e-05 3.000047e-05 1.700027e-04 1.700027e-04 1.726295e-04 1.726295e-04
1.823214e+02 1.740645e+02 1.910643e+02 8.212108e-03 2.300030e-05 2.300030e-05 1.330017e-04 1.330017e-04 1.349758e-04 1.349758e-04
2.002882e+02 1.910643e+02 2.100641e+02 6.299068e-03 1.900021e-05 1.900021e-05 1.040011e-04 1.040011e-04 1.057225e-04 1.057225e-04
2.207280e+02 2.100641e+02 2.320639e+02 4.793043e-03 1.500013e-05 1.500013e-05 8.300074e-05 8.300074e-05 8.434528e-05 8.434528e-05
2.446398e+02 2.320639e+02 2.580637e+02 3.605026e-03 1.200009e-05 1.200009e-05 6.500047e-05 6.500047e-05 6.609889e-05 6.609889e-05
2.734896e+02 2.580637e+02 2.900635e+02 2.647015e-03 9.000053e-06 9.000053e-06 4.900029e-05 4.900029e-05 4.981997e-05 4.981997e-05
3.088074e+02 2.900635e+02 3.290633e+02 1.884009e-03 7.000032e-06 7.000032e-06 3.700017e-05 3.700017e-05 3.765651e-05 3.765651e-05
3.525182e+02 3.290633e+02 3.780632e+02 1.288005e-03 5.000018e-06 5.000018e-06 2.700010e-05 2.700010e-05 2.745916e-05 2.745916e-05
4.076161e+02 3.780632e+02 4.400630e+02 8.695023e-04 3.800010e-06 3.800010e-06 1.950005e-05 1.950005e-05 1.986686e-05 1.986686e-05
4.798069e+02 4.400630e+02 5.240628e+02 5.545011e-04 2.600005e-06 2.600005e-06 1.350003e-05 1.350003e-05 1.374812e-05 1.374812e-05
5.793798e+02 5.240628e+02 6.420627e+02 3.357004e-04 1.700002e-06 1.700002e-06 9.200012e-06 9.200012e-06 9.355759e-06 9.355759e-06
7.247986e+02 6.420627e+02 8.210625e+02 1.860002e-04 1.000001e-06 1.000001e-06 6.000005e-06 6.000005e-06 6.082768e-06 6.082768e-06
9.600025e+02 8.210625e+02 1.129062e+03 8.571004e-05 5.300003e-07 5.300003e-07 3.550002e-06 3.550002e-06 3.589347e-06 3.589347e-06
1.416322e+03 1.129062e+03 1.799062e+03 2.933001e-05 2.100000e-07 2.100000e-07 1.730000e-06 1.730000e-06 1.742699e-06 1.742699e-06
