# ----------------------------------------------------
# 			Analysis summary (2017-02-03) 
# ----------------------------------------------------
#  - Cosmic ray species 	: H He
#  - Experiments 			: AMS01, AMS02, BESS97, BESS98, BESS99, BESS00, BESSPOLAR1, BESSPOLAR2, PAMELA0608, PAMELA2006, PAMELA2007, PAMELA2008, PAMELA2009
#  - Modulation model 		: FF model
# ----------------------------------------------------
# Column 1 : E_IS
# Column 2 : Flux_IS(H)
# Column 3 : Flux_IS(He)
# 
1.000000000000000056e-01 6.684006356776703615e+04 5.512670447768862687e+03
1.075317494441021399e-01 6.145765840233409108e+04 5.057615297298112637e+03
1.156307713850916186e-01 5.649189735674291296e+04 4.638701547097040930e+03
1.243397913660992671e-01 5.191091947651980445e+04 4.253095075527445260e+03
1.337047529111131672e-01 4.768531028345625964e+04 3.897556377666544449e+03
1.437750598952340919e-01 4.378791401934877649e+04 3.568605419157056531e+03
1.546038371696508984e-01 4.019366023809582111e+04 3.264441471606586219e+03
1.662482108162366690e-01 3.687940364116435376e+04 2.983407279788478718e+03
1.787696095102182803e-01 3.382377613620842749e+04 2.723941865566572687e+03
1.922340885807277133e-01 3.100705017701563702e+04 2.484576218356172376e+03
2.067126784787814975e-01 2.841101251548043001e+04 2.263929041671009145e+03
2.222817594909957672e-01 2.601884756343399931e+04 2.060702569766710440e+03
2.390234646757992965e-01 2.381502962433767971e+04 1.873678466687673790e+03
2.570261131477925010e-01 2.178522331246934482e+04 1.701713818453469003e+03
2.763846759959986965e-01 1.991619153067133811e+04 1.543737227682104731e+03
2.972012772939107705e-01 1.819571042732220303e+04 1.398745018635147062e+03
3.195857328443593715e-01 1.661249079923994577e+04 1.265797559478480025e+03
3.436561295012941497e-01 1.515610545000047387e+04 1.144015707474370402e+03
3.695394481246307983e-01 1.381692205289295816e+04 1.032577381845131640e+03
3.973722334544957380e-01 1.258604110464496262e+04 9.307142681653627960e+02
4.273013144387209361e-01 1.145523859030603671e+04 8.377086573342520524e+02
4.594845788136004971e-01 1.041488416071325082e+04 7.528904214381133215e+02
4.940918060241288878e-01 9.454053254969385307e+03 6.756341281196461068e+02
5.313055628777054729e-01 8.567697306034529902e+03 6.053562944089803750e+02
5.713221666562308121e-01 7.751207587568555937e+03 5.415127803260315886e+02
6.143527207673936674e-01 7.000196408215833799e+03 4.835963219194870817e+02
6.606242283986181185e-01 6.310487806952996834e+03 4.311342027518717828e+02
7.103807900486351912e-01 5.678108482932912921e+03 3.836860621629724619e+02
7.638848912541316150e-01 5.099279032645823463e+03 3.408418379396816817e+02
8.214187873047449351e-01 4.570405559016668121e+03 3.022198402884159236e+02
8.832859922513204287e-01 4.088071707335288920e+03 2.674649532518605497e+02
9.498128800625412760e-01 3.649031171692637599e+03 2.362469589461307748e+02
1.021350406376662301e+00 3.250200702996345171e+03 2.082589792351351434e+02
1.098275959931271473e+00 2.888653635898190259e+03 1.832160287290240888e+02
1.180995353438102580e+00 2.561613937439820347e+03 1.608536723208551393e+02
1.269944964405548937e+00 2.266450765371032958e+03 1.409267798904718632e+02
1.365594037202567002e+00 2.000673509473375134e+03 1.232083703382276525e+02
1.468447158508263461e+00 1.761927275442999417e+03 1.074885367928841333e+02
1.579046919206142485e+00 1.547988758590694260e+03 9.357344469244608831e+01
1.697976776765563134e+00 1.356762444418173118e+03 8.128439448145086033e+01
1.825864133210586937e+00 1.186277065573202208e+03 7.045694091162178552e+01
1.963383644913735626e+00 1.034682240196487783e+03 6.094006137226761410e+01
2.111260781675118103e+00 9.002452155176939641e+02 5.259536629849076661e+01
2.270275653862480425e+00 7.813476428137200855e+02 4.529634548412899875e+01
2.441267127801854286e+00 6.764823153844996568e+02 3.892764502774396362e+01
2.625137251129118443e+00 5.842498097054684649e+02 3.338437062181761661e+01
2.822856011447954394e+00 5.033549808778407737e+02 2.857139583054403786e+01
3.035466453397989373e+00 4.326032762717280207e+02 2.440255291906524349e+01
3.264090181127699442e+00 3.708968451031429936e+02 2.080017567247803711e+01
3.509933275199776048e+00 3.172304358264490816e+02 1.769461091646936879e+01
3.774292655142990949e+00 2.706870869008187128e+02 1.502358292137703089e+01
4.058562921215511210e+00 2.304336290174535407e+02 1.273158472934435359e+01
4.364243711472695963e+00 1.957160276853340406e+02 1.076929884079049415e+01
4.692947612950804093e+00 1.658546037466739733e+02 9.093047364046004333e+00
5.046408668701230837e+00 1.402391756731925625e+02 7.664271930196294491e+00
5.426491525553258199e+00 1.183241712911896570e+02 6.449043742281986624e+00
5.835201270863365153e+00 9.962375796199366107e+01 5.417604083918119429e+00
6.274694010143857525e+00 8.370703976013653858e+01 4.543935480011456640e+00
6.747288241371978579e+00 7.019338392991843989e+01 3.805363505650597666e+00
7.255477085983478069e+00 5.874787739067583914e+01 3.182189002003076972e+00
7.801941441073996231e+00 4.907694475648902710e+01 2.657350201915116727e+00
8.389564122191261575e+00 4.092422295336431404e+01 2.216114011758921976e+00
9.021445071326995802e+00 3.406667771178408088e+01 1.845795455315716982e+00
9.700917710336646849e+00 2.831097527667945002e+01 1.535504071777121338e+00
1.043156652605773260e+01 2.349011960425292145e+01 1.275915881236951099e+00
1.121724597989522465e+01 1.946035938238373220e+01 1.059069391837496266e+00
1.206210084162955987e+01 1.609836392745811651e+01 8.781840245471230766e-01
1.297058805471602838e+01 1.329866247633971099e+01 7.274992734504576175e-01
1.394750024842388747e+01 1.097133765444765885e+01 6.021328986314505860e-01
1.499799102085069080e+01 9.039960960477582574e+00 4.979564611228839976e-01
1.612760212619011213e+01 7.439755929976811011e+00 4.114865500915678709e-01
1.734229270967643188e+01 6.115973162110041272e+00 3.397901161848473350e-01
1.864847074443206054e+01 5.022460537368440114e+00 2.804024065410046784e-01
2.005302683605936309e+01 4.120411629982303481e+00 2.312560913946554442e-01
2.156337057330992835e+01 3.377275435667691283e+00 1.906202749735859958e-01
2.318746961659487127e+01 2.765811003480974417e+00 1.570481905398758149e-01
2.493389173054409724e+01 2.263271296217263195e+00 1.293324128021755282e-01
2.681184998235239547e+01 1.850701531556350643e+00 1.064652893237095083e-01
2.883125134435170622e+01 1.512338310341133640e+00 8.760783994922823059e-02
3.100274895720762558e+01 1.235096963546188586e+00 7.206413527561304766e-02
3.333779832944847499e+01 1.008135700368772980e+00 5.925744938882551022e-02
3.584871776980262581e+01 8.224862806987615071e-01 4.871020000880744993e-02
3.854875337114745548e+01 6.707420388758599250e-01 4.002718261272839029e-02
4.145214888888718008e+01 5.467951325515113536e-01 3.288157631689399979e-02
4.457422088239431446e+01 4.456158674840346445e-01 2.700327783884659549e-02
4.793143951591693508e+01 3.630678483390446520e-01 2.216918755242250350e-02
5.154151544520713202e+01 2.957533382973857039e-01 1.819516817600518727e-02
5.542349324823331358e+01 2.408831286540187855e-01 1.492962171504244422e-02
5.959785189285914697e+01 1.961714511816763651e-01 1.224750277322399564e-02
6.408661277149634827e+01 1.597479631672285849e-01 1.004550198925263475e-02
6.891345587265745110e+01 1.300834339191108413e-01 8.238347569203942691e-03
7.410384470225787368e+01 1.059284147089394335e-01 6.755720067790496955e-03
7.968516061367853354e+01 8.626271173018698613e-02 5.539679607336151466e-03
8.568684725523111467e+01 7.025381384522572104e-02 4.542523953277868669e-03
9.214056589704568978e+01 5.722273003659493484e-02 3.725008049607464108e-03
9.908036245678894716e+01 4.661594798326545303e-02 3.054866164215404561e-03
1.065428471053425881e+02 3.798226225456328986e-02 2.505586881167685010e-03
1.145673873999297570e+02 3.095367016764144844e-02 2.055398973659537058e-03
1.231963159635462546e+02 2.523078876411668017e-02 1.686432855104857661e-03
1.324751538062850500e+02 2.057021943144835691e-02 1.384027980839722723e-03
1.424528504666633069e+02 1.677406221992604543e-02 1.136161389957478967e-03
1.531820422397939296e+02 1.368139465744552981e-02 9.329766530414644035e-04
1.647193298546538358e+02 1.116134754518560701e-02 7.663959311356501481e-04
1.771255770653106083e+02 9.107478713559664929e-03 6.298007459725644486e-04
1.904662317312897528e+02 7.433201535858420528e-03 5.177694916025998373e-04
2.048116710809135554e+02 6.068070457248541175e-03 4.258617892466720124e-04
2.202375729790064725e+02 4.954762802333594236e-03 3.504425369509492696e-04
2.368253151575567017e+02 4.046626234118005580e-03 2.885358286342141706e-04
2.546624045154292730e+02 3.305685726292139758e-03 2.377039291794206860e-04
2.738429387518571048e+02 2.701023821612830601e-03 1.959500702375914245e-04
2.944681027690132282e+02 2.207464132905111089e-03 1.616387948057203163e-04
3.166467024623763677e+02 1.804501194232636073e-03 1.334306083990235991e-04
3.404957387148543262e+02 1.475430454152652565e-03 1.102283944928948554e-04
3.661410246227016501e+02 1.206640881861647651e-03 9.113349621210474092e-05
3.937178492093520958e+02 9.870397059266598945e-04 7.540973479356217340e-05
4.233716911285081324e+02 8.075842674839337366e-04 6.243464643739838075e-05
4.552589861215656128e+02 6.609003419914798042e-04 5.169133702784091465e-05
4.895479522780014463e+02 5.409744543779888490e-04 4.279546508312028982e-05
5.264194774523130036e+02 4.429022340246047173e-04 3.542961671090902754e-05
5.660680735189732786e+02 3.626827716251192907e-04 2.933085080658527128e-05
6.087029024994778865e+02 2.970513073656331614e-04 2.428136522053677302e-05
6.545488799747163284e+02 2.433430703150186775e-04 2.010075894044076675e-05
7.038478616035883988e+02 1.993824381405768890e-04 1.663961814453369223e-05
7.568599190072418423e+02 1.633926832879046068e-04 1.377420021153994221e-05
8.138647117497013141e+02 1.339216714649881922e-04 1.140202818956648032e-05
8.751629626526533912e+02 1.097702334465991024e-04 9.438240141115483979e-06
9.410780442272319988e+02 8.997287726876284015e-05 7.812564287725815021e-06
1.011957684591884345e+03 7.374496822213109579e-05 6.466812886691610040e-06
1.088175801875682055e+03 6.044318960808588203e-05 5.352806042690546491e-06
1.170134476784307026e+03 4.954010903661832006e-05 4.430651820774116881e-06
1.258266073734755992e+03 4.060331773038753647e-05 3.667321609794340251e-06
1.353035521748601468e+03 3.327832165380525053e-05 3.035470124340291287e-06
1.454942767136405337e+03 2.727451049738512787e-05 2.512458092328277889e-06
1.564525410912205189e+03 2.235365142785839001e-05 2.079542856872973102e-06
1.682361544851421058e+03 1.832045375942982501e-05 1.721208076207628740e-06
1.809072801153558885e+03 1.501483217263658510e-05 1.424608642949742144e-06
1.945327631797844106e+03 1.230556297952227378e-05 1.179111037286332266e-06
2.091844834891742721e+03 1.008508281697068084e-05 9.759127216268373414e-07
2.249397346615179686e+03 8.265224188755470534e-06 8.077269964415859124e-07
2.418816318764515472e+03 6.773719233315406945e-06 6.685220675478322573e-07
2.600995503406918033e+03 5.551333416061656154e-06 5.533050063236125496e-07
2.796895967775888494e+03 4.549515721144441121e-06 4.579428845005218429e-07
3.007551164280962894e+03 3.728472324458737315e-06 3.790146909470175864e-07
3.234072382377780286e+03 3.055587468975389653e-06 3.136887361773363722e-07
3.477654611059384933e+03 2.504128993443046847e-06 2.596211601588996393e-07
3.739582842895640624e+03 2.052187226414134370e-06 2.148719126392310078e-07
4.021238852877169847e+03 1.681805192865344872e-06 1.778351994457401146e-07
4.324108487824763870e+03 1.378265654356503810e-06 1.471819052213450618e-07
4.649789504818885689e+03 1.129506714346429645e-06 1.218119312400714185e-07
4.999999999999999091e+03 9.256428130153108176e-07 1.008147415436315358e-07
