# ----------------------------------------------------
# 			Analysis summary (2017-02-03) 
# ----------------------------------------------------
#  - Cosmic ray species 	: H He
#  - Experiments (He data)	: AMS02, BESS97, BESS98, BESS99, BESS00, BESSPOLAR1, BESSPOLAR2
#  - Modulation model 		: FF model
# ----------------------------------------------------
# Column 1 : E_TOA
# Column 3 : Flux_TOA(AMS02)
# Column 4 : Flux_TOA(BESS97)
# Column 5 : Flux_TOA(BESS98)
# Column 6 : Flux_TOA(BESS99)
# Column 7 : Flux_TOA(BESS00)
# Column 8 : Flux_TOA(BESSPOLAR1)
# Column 9 : Flux_TOA(BESSPOLAR2)
# 
8.806899999999999451e-02 1.552552757741927962e+02 3.280566939805707420e+02 2.289615882598033920e+02 1.736796621776296945e+02 3.601826654580163733e+01 1.314677696920544179e+02 3.073996891264921487e+02
9.478292164299262357e-02 1.607669679701936900e+02 3.357938081593869697e+02 2.357730828138682568e+02 1.795724138389994664e+02 3.785232080626909124e+01 1.364254825206279236e+02 3.150125881954280089e+02
1.020086776866057504e-01 1.660855075501642375e+02 3.427612412012714458e+02 2.421655116409883135e+02 1.852195126663131077e+02 3.971626845178249710e+01 1.412527976378759149e+02 3.219318858231217746e+02
1.097852877184349041e-01 1.711612312367050777e+02 3.488701846297695397e+02 2.480687791199147512e+02 1.905656930032260448e+02 4.160164723290088773e+01 1.459077276302316761e+02 3.280718331151263669e+02
1.181547459761075475e-01 1.759429353373110416e+02 3.540364440398469128e+02 2.534132201934207842e+02 1.955545216606232657e+02 4.349879885162400228e+01 1.503464038174515736e+02 3.333503165508437860e+02
1.271622481191009568e-01 1.803785898076885701e+02 3.581822671145789627e+02 2.581308512987155268e+02 2.001292502604881065e+02 4.539685133805439676e+01 1.545236125535162728e+02 3.376905842529278630e+02
1.368564352884616975e-01 1.844161558791826963e+02 3.612381658795385420e+02 2.621567070052836357e+02 2.042337714856290916e+02 4.728372445738332175e+01 1.583934295521272873e+02 3.410229906417567918e+02
1.472896567723666061e-01 1.880044952347928131e+02 3.631446740662797765e+02 2.654302293477722969e+02 2.078136622017614172e+02 4.914616218545469195e+01 1.619099461468568677e+02 3.432867051712038915e+02
1.585182526959373062e-01 1.910943533316529681e+02 3.638539774573634986e+02 2.678966707319726197e+02 2.108172905907514405e+02 5.096979612318748565e+01 1.650280768177956361e+02 3.444313268623075146e+02
1.706028582618530354e-01 1.936393941212649565e+02 3.633313549521884624e+02 2.695084663823691358e+02 2.131969588978805348e+02 5.273924333762752070e+01 1.677044325162862890e+02 3.444183449204976455e+02
1.836087311846823777e-01 1.955972584447436304e+02 3.615563711282559893e+02 2.702265290533871394e+02 2.149100485358982269e+02 5.443824148974384514e+01 1.698982395489314285e+02 3.432223872052587126e+02
1.976061040871027463e-01 1.969306141410226871e+02 3.585237673755187870e+02 2.700214175478539573e+02 2.159201305012319949e+02 5.604982321430139791e+01 1.715722793376638435e+02 3.408322029082611380e+02
2.126705637609704047e-01 1.976081627672635079e+02 3.542440081175349178e+02 2.688743317772027694e+02 2.161980017200766326e+02 5.755653054599054030e+01 1.726938205776288271e+02 3.372513334646669136e+02
2.288834593412792939e-01 1.976055661308402875e+02 3.487434508248333600e+02 2.667778908184485545e+02 2.157226073759086660e+02 5.894066874623814556e+01 1.732355124964471997e+02 3.324984362194625191e+02
2.463323415971745145e-01 1.969062558481284384e+02 3.420641228668478107e+02 2.637366566604465561e+02 2.144818107051281117e+02 6.018459720523453171e+01 1.731762063808344578e+02 3.266072382152224236e+02
2.651114357122243415e-01 1.955020910597853856e+02 3.342631039433139790e+02 2.597673748855075360e+02 2.124729752907744569e+02 6.127105322568178281e+01 1.725016725293305910e+02 3.196261119771589279e+02
2.853221501069961308e-01 1.933938333064035362e+02 3.254115289582816217e+02 2.548989140144454666e+02 2.097033304955182018e+02 6.218350251533174600e+01 1.712051814795472637e+02 3.116172805101188032e+02
3.070736240516140358e-01 1.905914133231362655e+02 3.155932417707534228e+02 2.491718970996829228e+02 2.061900981569050089e+02 6.290650822507026874e+01 1.692879218029807760e+02 3.026556739681511772e+02
3.304833170254449781e-01 1.871139719212671366e+02 3.049031443251945461e+02 2.426380317012779244e+02 2.019603676691997975e+02 6.342610848895196085e+01 1.667592318927727320e+02 2.928274746787915888e+02
3.556776430064954031e-01 1.829896658241759724e+02 2.934452973934970714e+02 2.353591568703519101e+02 1.970507166129344512e+02 6.373019078698546735e+01 1.636366297910489322e+02 2.822283995401607513e+02
3.827926531157269663e-01 1.782552388344004157e+02 2.813308378884609624e+02 2.274060374289954041e+02 1.915065845827504916e+02 6.380885020031885801e+01 1.599456328889409065e+02 2.709617785415560434e+02
4.119747703026174213e-01 1.729553684672598877e+02 2.686757830103220499e+02 2.188569459660716063e+02 1.853814181720700560e+02 6.365471789501610544e+01 1.557193678556989482e+02 2.591364947710090973e+02
4.433815800393199891e-01 1.671418076001972963e+02 2.555987931933494224e+02 2.097960809707923602e+02 1.787356145666805389e+02 6.326324606891571278e+01 1.509979799119271604e+02 2.468648544882262854e+02
4.771826812932261075e-01 1.608723491772314844e+02 2.422189640192633249e+02 2.003118749703995434e+02 1.716352993016337791e+02 6.263293620812278562e+01 1.458278590221869990e+02 2.342604556309489681e+02
5.135606023732411929e-01 1.542096490618891096e+02 2.286537122833521209e+02 1.904952491896426636e+02 1.641509799745392115e+02 6.176549886379370946e+01 1.402607082231205595e+02 2.214361196977796169e+02
5.527117865954083165e-01 1.472199473455342513e+02 2.150168137537354482e+02 1.804378710783970234e+02 1.563561217536030199e+02 6.066593526204567866e+01 1.343524856614688190e+02 2.085019457261017237e+02
5.948476530905432158e-01 1.399717315271523432e+02 2.014166405027865210e+02 1.702304682265761357e+02 1.483256922062771821e+02 5.934253382922324960e+01 1.281622566247945372e+02 1.955635366288452701e+02
6.401957384823151465e-01 1.325343858784740689e+02 1.879546347292721293e+02 1.599612470383792697e+02 1.401347223112569225e+02 5.780677802482684058e+01 1.217509946644983501e+02 1.827204381319139941e+02
6.890009256009163030e-01 1.249768700462772131e+02 1.747240444523052076e+02 1.497144575350373827e+02 1.318569276708078633e+02 5.607316554932010177e+01 1.151803717348618079e+02 1.700648196608876219e+02
7.415267658674565832e-01 1.173664667172916154e+02 1.618089350151719827e+02 1.395691373401955104e+02 1.235634292156971696e+02 5.415894282097460177e+01 1.085115761449213210e+02 1.576804154322395277e+02
7.980569024900575625e-01 1.097676332937077746e+02 1.492834795659056510e+02 1.295980588472855572e+02 1.153216064952211752e+02 5.208376236146984439e+01 1.018041942139044380e+02 1.456417333095864137e+02
8.588966021569968134e-01 1.022409863948510775e+02 1.372115220366026733e+02 1.198668943278513268e+02 1.071941094328152388e+02 4.986927415944938957e+01 9.511518711480255206e+01 1.340135291819053691e+02
9.243744034981575819e-01 9.484244105296309613e+01 1.256463979429661038e+02 1.104336048103991743e+02 9.923804668327322531e+01 4.753866497854662043e+01 8.849798883933715388e+01 1.228505360745744355e+02
9.948438912165905590e-01 8.762251915351258447e+01 1.146309917512513294e+02 1.013480503519822946e+02 9.150436090943354372e+01 4.511616176224819696e+01 8.200174491714903979e+01 1.121974301502472997e+02
1.070685605470619528e+00 8.062583440000290125e+01 1.041980046691129900e+02 9.265181214813314625e+01 8.403739381077441806e+01 4.262651663466749596e+01 7.567070487515854893e+01 1.020890103045303619e+02
1.152309096817289102e+00 7.389075422196292209e+01 9.437040346245139233e+01 8.437821098265496289e+01 7.687463691634630436e+01 4.009449143710414631e+01 6.954377480850702398e+01 9.255056421130187516e+01
1.240155137813995445e+00 6.744923288231524339e+01 8.516201915448583293e+01 7.655250190678518152e+01 7.004665824658185613e+01 3.754435927298814590e+01 6.365423018305287428e+01 8.359839133656289789e+01
1.334698103221095611e+00 6.132680478511012723e+01 7.657826404336560699e+01 6.919222176723920370e+01 6.357719011102924611e+01 3.499943921815572878e+01 5.802958336759449054e+01 7.524045246642300810e+01
1.436448531658767402e+00 5.554272276366928907e+01 6.861693616746106272e+01 6.230766421192423365e+01 5.748335961682376194e+01 3.248167830303455617e+01 5.269159559582499952e+01 6.747711549289238064e+01
1.545955882551235394e+00 5.011022299423747484e+01 6.126908193014181592e+01 5.590245597455545123e+01 5.177604091793443786e+01 3.001129224369882564e+01 4.765641920416069865e+01 6.030196836080433798e+01
1.663811503246059864e+00 4.503689611852503560e+01 5.451988985197885285e+01 4.997420842423145615e+01 4.646030678156608928e+01 2.760647337245297805e+01 4.293485313433410511e+01 5.370267198976134182e+01
1.790651822331138954e+00 4.032514310618483222e+01 4.834959114962317273e+01 4.451521939467717459e+01 4.153595658594671391e+01 2.528317098977499100e+01 3.853269282220048098e+01 4.766182844782429129e+01
1.927161786393559284e+00 3.597269424427041429e+01 4.273434587352504366e+01 3.951320200773722036e+01 3.699809826510297484e+01 2.305494611896824253e+01 3.445115466208802957e+01 4.215784249041585241e+01
2.074078558779030246e+00 3.197317028005639017e+01 3.764709652498121528e+01 3.495201941022341430e+01 3.283776283767167570e+01 2.093289956554429310e+01 3.068735514935100639e+01 3.716575763471866622e+01
2.232195500325471205e+00 2.831666602866590310e+01 3.305837429742523881e+01 3.081240689861875381e+01 2.904253185008558091e+01 1.892564689077955364e+01 2.723482544883621159e+01 3.265805108819394320e+01
2.402366453566973981e+00 2.499033798657660199e+01 2.893704625243982065e+01 2.707266567501925181e+01 2.559716006320098103e+01 1.703933400728495684e+01 2.408404108081436590e+01 2.860537498501412301e+01
2.585510353543160278e+00 2.197891845781029829e+01 2.525098272784671138e+01 2.370928542923963889e+01 2.248412590291215807e+01 1.527783247344799555e+01 2.122287859766798945e+01 2.497721997858780796e+01
2.782616190112610965e+00 1.926524443285029520e+01 2.196754850446164653e+01 2.069744989760431508e+01 1.968415274777927948e+01 1.364291991346483535e+01 1.863715346080662627e+01 2.174240945284641313e+01
2.994748348567218610e+00 1.683091743703536380e+01 1.905424326291128523e+01 1.801173512558184342e+01 1.717689080656856859e+01 1.213447541360649851e+01 1.631123435648487430e+01 1.886975597329992738e+01
3.223052357387142575e+00 1.465678091226730828e+01 1.647925291332660436e+01 1.562663154884971917e+01 1.494140786505635177e+01 1.075069934502775482e+01 1.422849978787513692e+01 1.632860918276915285e+01
3.468761074174660841e+00 1.272333061504593665e+01 1.421180544556287551e+01 1.351694045948915601e+01 1.295659899903782630e+01 9.488347954818193486e+00 1.237174472529382818e+01 1.408922076556796554e+01
3.733201343171374642e+00 1.101107275562778476e+01 1.222245356903668068e+01 1.165810623500945731e+01 1.120154017778535405e+01 8.342973741611022120e+00 1.072354118682943458e+01 1.212303784908384330e+01
4.017801160309839581e+00 9.500828842271824115e+00 1.048329084351633078e+01 1.002648636803233018e+01 9.655785601761389003e+00 7.309163599965488700e+00 9.266550439681882523e+00 1.040293036755500644e+01
4.324097384491391693e+00 8.173987877956458092e+00 8.968106861340274349e+00 8.599562650367229111e+00 8.299610218861307231e+00 6.380767892561443944e+00 7.983786290588496648e+00 8.903357582270750470e+00
4.653744036731618294e+00 7.012707963666089839e+00 7.652487688857513959e+00 7.356097908202831270e+00 7.114200176105391904e+00 5.551114905575759373e+00 6.858830458735194036e+00 7.600479672685212407e+00
5.008521231989432998e+00 6.000070484162864481e+00 6.513868159721972972e+00 6.276243439085149589e+00 6.081794986237470724e+00 4.813206480780697127e+00 5.876002278738577722e+00 6.472220764168167051e+00
5.390344791912243139e+00 5.120190892477538114e+00 5.531542758987314734e+00 5.341602783892215989e+00 5.185785929373355252e+00 4.159891927769763242e+00 5.020485959868403292e+00 5.498289963626030286e+00
5.801276590406743594e+00 4.358290681707520875e+00 4.686641773182856241e+00 4.535257702591061424e+00 4.410775686065849577e+00 3.584018543353062025e+00 4.278419337509245857e+00 4.660166962139800084e+00
6.243535687902097564e+00 3.700735459061971877e+00 3.962079139566863528e+00 3.841762241011434043e+00 3.742604434788812995e+00 3.078558158401345946e+00 3.636948510639894216e+00 3.941058565913444944e+00
6.719510314431326847e+00 3.135044145876197952e+00 3.342478041527636723e+00 3.247110610780768347e+00 3.168347674370822542e+00 2.636710065286262950e+00 3.084252989373791554e+00 3.325832167379570770e+00
7.231770766240393833e+00 2.649874251356998833e+00 2.814079801260981561e+00 2.738684291548596050e+00 2.676290884434632922e+00 2.251981435252613739e+00 2.609546009528477040e+00 2.800931702274813251e+00
7.783083285567546916e+00 2.234987942241767556e+00 2.364641049203460632e+00 2.305183339570586298e+00 2.255885850152210104e+00 1.918246910565796881e+00 2.203054540357069602e+00 2.354281090209934479e+00
8.376424998544713674e+00 1.881203290815078422e+00 1.983323533886550694e+00 1.936546384185531711e+00 1.897693087111854693e+00 1.629789457476561676e+00 1.855983251840843895e+00 1.975179557993536950e+00
9.014999991886677222e+00 1.580334663881102442e+00 1.660580304263510776e+00 1.623863245571163239e+00 1.593314341466251838e+00 1.381324807394459064e+00 1.560466353544167184e+00 1.654192625788328597e+00
9.702256615183260990e+00 1.325125746587271225e+00 1.388041373423273939e+00 1.359283541537507523e+00 1.335318640300378945e+00 1.168011915292364478e+00 1.309510799999550779e+00 1.383041921093115745e+00
1.044190610222805127e+01 1.109178204845191029e+00 1.158401377653361708e+00 1.135924091705726724e+00 1.117164853772361965e+00 9.854518497523200304e-01 1.096933906545503268e+00 1.154496394992985175e+00
1.123794261194026767e+01 9.268785014410064749e-01 9.653111930380133821e-01 9.477773931519124506e-01 9.331232258818903391e-01 8.296774229347174678e-01 9.172979589108983811e-01 9.622669648011478172e-01
1.209466479710207665e+01 7.733249119749172618e-01 8.032749735941006053e-01 7.896229466137379971e-01 7.781978517683802998e-01 6.971356953506562260e-01 7.658439494552863325e-01 8.009061081988830821e-01
1.301669901738394763e+01 6.442563510464149878e-01 6.675536365665188931e-01 6.569427662832503234e-01 6.480516386323360578e-01 5.846652720649209156e-01 6.384261480094814978e-01 6.657134930648421767e-01
1.400902432201026926e+01 5.359842257738306470e-01 5.540754444733442252e-01 5.458420146029243636e-01 5.389348928124755300e-01 4.894700635505159214e-01 5.314488264612744484e-01 5.526483474313519384e-01
1.507699933697301731e+01 4.453281881050391577e-01 4.593540193255660764e-01 4.529753684412832215e-01 4.476183315809559304e-01 4.090909323031208245e-01 4.418061103507116005e-01 4.582489553631799439e-01
1.622639120198669005e+01 3.695563614848467737e-01 3.804138693043208619e-01 3.754794438424625125e-01 3.713310260496405779e-01 3.413763985230295894e-01 3.668256311062865760e-01 3.795594045340846545e-01
1.746340671344571049e+01 3.063303707371052287e-01 3.147233075125028812e-01 3.109113803814532728e-01 3.077035399537006999e-01 2.844533443591387711e-01 3.042163997059497138e-01 3.140635056090100852e-01
1.879472584155872283e+01 2.536553039820723110e-01 2.601344905719067957e-01 2.571935086704324469e-01 2.547163349113984454e-01 2.366984429987158967e-01 2.520211148736875018e-01 2.596256467787762534e-01
2.022753780265462353e+01 2.098345781713366054e-01 2.148301955670380847e-01 2.125638904699900522e-01 2.106533617337182918e-01 1.967108502371314738e-01 2.085729532703666511e-01 2.144382328448882769e-01
2.176957988145299083e+01 1.734295606784191368e-01 1.772768807321661588e-01 1.755324244160071101e-01 1.740606444339113101e-01 1.632865338435326719e-01 1.724567613501683527e-01 1.769752808037358127e-01
2.342917921294245076e+01 1.432237132296983184e-01 1.461835320919478154e-01 1.448421457494271924e-01 1.437095834219489221e-01 1.353944801116715446e-01 1.424744739292570506e-01 1.459516967433979462e-01
2.521529774949138769e+01 1.181906295199747770e-01 1.204655034456535573e-01 1.194350077544797800e-01 1.185643256164221893e-01 1.121543634546829649e-01 1.176141647450361233e-01 1.202874560502929790e-01
2.713758065601708935e+01 9.746489650714215691e-02 9.921187737714404209e-02 9.842085272050597744e-02 9.775206414952332390e-02 9.281579541200703221e-02 9.702176395008202392e-02 9.907524551256913226e-02
2.920640839455042936e+01 8.032046840317512426e-02 8.166100486329315455e-02 8.105426040513862007e-02 8.054096055672846366e-02 7.674324085163751474e-02 7.998011839295021685e-02 8.155623201522924082e-02
3.143295277945603772e+01 6.615027152895677776e-02 6.717816341184744411e-02 6.671310073979512534e-02 6.631943683935909162e-02 6.340032208229805233e-02 6.588907372594009215e-02 6.709787677278836182e-02
3.382923730601086021e+01 5.444748801723416770e-02 5.523509924820404343e-02 5.487887487174612083e-02 5.457717860641941865e-02 5.233533461186497260e-02 5.424718665102216952e-02 5.517361672131907563e-02
3.640820207811862019e+01 4.478960294010204263e-02 4.539270119591770625e-02 4.512001845443421727e-02 4.488896068000926276e-02 4.316865401420068304e-02 4.463611064900881858e-02 4.534564801907928211e-02
3.918377368577547060e+01 3.682485135349330280e-02 3.728637161071952921e-02 3.707776517169905639e-02 3.690092020215090390e-02 3.558183916820829157e-02 3.670730915923397369e-02 3.725038269679221969e-02
4.217094040962898305e+01 3.026073620920796334e-02 3.061370281223751641e-02 3.045420789997954278e-02 3.031893828145512670e-02 2.930824435721008162e-02 3.017078218027417769e-02 3.058619198256282840e-02
4.538583315874113566e+01 2.485432569901690689e-02 2.512411772259799322e-02 2.500223926577775299e-02 2.489883081060128428e-02 2.412496346319951621e-02 2.478552689931499270e-02 2.510309904821671559e-02
4.884581257862470949e+01 2.040407374972310131e-02 2.061017880147642672e-02 2.051709397063762597e-02 2.043808584625031455e-02 1.984594260552250897e-02 2.035148569044395450e-02 2.059412846501855465e-02
5.256956279994194148e+01 1.674306659179773324e-02 1.690042806652836821e-02 1.682937402989531303e-02 1.676904398016811071e-02 1.631626318809974510e-02 1.670289434349933252e-02 1.688817835000675990e-02
5.657719233411620507e+01 1.373341392299790020e-02 1.385349016690067339e-02 1.379928331978208175e-02 1.375324271621447200e-02 1.340725954281583865e-02 1.370274498606202825e-02 1.384414627030912046e-02
6.089034266069850077e+01 1.126086437809500213e-02 1.135244241556046182e-02 1.131110899597946237e-02 1.127599173665300505e-02 1.101177698444692939e-02 1.123746347995118605e-02 1.134531854441451527e-02
6.553230509286990468e+01 9.230780056007980433e-03 9.300591571950673001e-03 9.269088285217519721e-03 9.242315185778426576e-03 9.040653814523350734e-03 9.212933500818547630e-03 9.295162627371832478e-03
7.052814655215999551e+01 7.564874351735851460e-03 7.618071646139833175e-03 7.594069912864284330e-03 7.573666606207270745e-03 7.419822958242386010e-03 7.551269605599119673e-03 7.613935930251800564e-03
7.590484493157498491e+01 6.198467438909252732e-03 6.238990601691271273e-03 6.220710198193628131e-03 6.205166616760738642e-03 6.087851371676450928e-03 6.188100130022527665e-03 6.235841070576195709e-03
8.169143477810558807e+01 5.078183086029181177e-03 5.109042833811697909e-03 5.095123803251909445e-03 5.083285911363793347e-03 4.993857930091540227e-03 5.070285290527377225e-03 5.106644970578591049e-03
8.791916408130921923e+01 4.160020381227575934e-03 4.183515626618378343e-03 4.172919789995770817e-03 4.163906281392182329e-03 4.095756914614358951e-03 4.154005403505822182e-03 4.181690432687993134e-03
9.462166301463791740e+01 3.407742874395424185e-03 3.425627873339990269e-03 3.417563195451251302e-03 3.410701482947926799e-03 3.358780335971604282e-03 3.403162785857432020e-03 3.424238810225654819e-03
1.018351255407247038e+02 2.791535631073908778e-03 2.805148239942154183e-03 2.799010814562154486e-03 2.793787903532108773e-03 2.754238061423258839e-03 2.788048660675454017e-03 2.804091215500866159e-03
1.095985048613112696e+02 2.286887766272546751e-03 2.297247748133431165e-03 2.292577346165595824e-03 2.288602173365840171e-03 2.258479980136010850e-03 2.284233286343653312e-03 2.296443445664837508e-03
1.179537237672599588e+02 1.873664243203365795e-03 1.881548540195010066e-03 1.877994584079478377e-03 1.874969175965177310e-03 1.852029223009475515e-03 1.871643602227783575e-03 1.880936548035314548e-03
1.269459010245533790e+02 1.535336147608992513e-03 1.541336461968563368e-03 1.538632004875062223e-03 1.536329411185008041e-03 1.518859740403107105e-03 1.533797997896892661e-03 1.540870785047042304e-03
1.366235950187846697e+02 1.258343354234501199e-03 1.262910157789508573e-03 1.260852001255303176e-03 1.259099427104600887e-03 1.245795348161056254e-03 1.257172430678082367e-03 1.262555788674259855e-03
1.470390659738320664e+02 1.031567560850667068e-03 1.035043705026875453e-03 1.033477218705446208e-03 1.032143140857574208e-03 1.022010703662602641e-03 1.030676106224093225e-03 1.034774006362047848e-03
1.582485581607212168e+02 8.458971484872985971e-04 8.485435137106488862e-04 8.473510533563561025e-04 8.463353868136536248e-04 8.386176017297421485e-04 8.452183661029754203e-04 8.483382214280370606e-04
1.703126036206180061e+02 6.938683022424307813e-04 6.958833594347652680e-04 6.949754358439292181e-04 6.942020335401713916e-04 6.883225215996652616e-04 6.933513600854480409e-04 6.957270604707865153e-04
1.832963490420816584e+02 5.693693586610178940e-04 5.709040790386606069e-04 5.702126283899420318e-04 5.696235638328258103e-04 5.651435488984542970e-04 5.689755797342344610e-04 5.707850514490647124e-04
1.972699075577361043e+02 4.673974913980495681e-04 4.685667047905016890e-04 4.680399629557247714e-04 4.675911742968725106e-04 4.641766784917013625e-04 4.670974502437173401e-04 4.684760344308986214e-04
2.123087373600845922e+02 3.838590664804477867e-04 3.847501019287996029e-04 3.843487058876344370e-04 3.840066819440942345e-04 3.814035420392996689e-04 3.836303795460706636e-04 3.846810106830078624e-04
2.284940491810240815e+02 3.154064226079848570e-04 3.160856996235179395e-04 3.157797140800428989e-04 3.155189661067458562e-04 3.135337521679570504e-04 3.152320619652885115e-04 3.160330331194889913e-04
2.459132448354710334e+02 2.593005044933188795e-04 2.598185533583840558e-04 2.595852063220067908e-04 2.593863422328426642e-04 2.578718119865023532e-04 2.591675130886873487e-04 2.597783908654394667e-04
2.646603891972717406e+02 2.133000153368948206e-04 2.136952794008452534e-04 2.135172474125418248e-04 2.133655131106688095e-04 2.122095842832915768e-04 2.131985336025019474e-04 2.136646384475547719e-04
2.848367181560929566e+02 1.755712966001037609e-04 1.758730258502004540e-04 1.757371292044245046e-04 1.756212984479923848e-04 1.747386492577272994e-04 1.754938214706798993e-04 1.758496374874679276e-04
3.065511852983015615e+02 1.446143812272179742e-04 1.448448337219276341e-04 1.447410439119235109e-04 1.446525736680280626e-04 1.439782472940336218e-04 1.445552022393438842e-04 1.448269715782163705e-04
3.299210502639458014e+02 1.192023604616870033e-04 1.193784767607742730e-04 1.192991616191116730e-04 1.192315495800914482e-04 1.187160860052785348e-04 1.191571307330479472e-04 1.193648270449972293e-04
3.550725119570040533e+02 9.833169903803206703e-05 9.846637554048800480e-05 9.840572525947507943e-05 9.835402123240256900e-05 9.795975261422120394e-05 9.829710893438252167e-05 9.845593820203604447e-05
3.821413900282879581e+02 8.118154504601032655e-05 8.128460217855376917e-05 8.123819292540591312e-05 8.119862729567316000e-05 8.089685930363033301e-05 8.115507399597497447e-05 8.127661576635503236e-05
4.112738583110457284e+02 6.707478044608499790e-05 6.715378558144325229e-05 6.711820873985605148e-05 6.708787661520217041e-05 6.685648632448996801e-05 6.705448579920690437e-05 6.714766342068190122e-05
4.426272341698795003e+02 5.542513880547552839e-05 5.548580792762586458e-05 5.545848874518747923e-05 5.543519595717362437e-05 5.525747581007314812e-05 5.540955327750742476e-05 5.548110685623509577e-05
4.763708280255056593e+02 4.579663504409253418e-05 4.584322092245567110e-05 4.582224393851551500e-05 4.580435791228453060e-05 4.566786917597948260e-05 4.578466670791827116e-05 4.583961127672919847e-05
5.126868576428595361e+02 3.783912245352646654e-05 3.787489228267589106e-05 3.785878600491658495e-05 3.784505248560629591e-05 3.774023643781767635e-05 3.782993235368624666e-05 3.787212081612882229e-05
5.517714321197616982e+02 3.126299681261776592e-05 3.129046039137117204e-05 3.127809449095117706e-05 3.126754996338734153e-05 3.118706187466041584e-05 3.125594042089092505e-05 3.128833257756276852e-05
5.938356108897474996e+02 2.582875552702157824e-05 2.584984067468088255e-05 2.584034695850412610e-05 2.583225131621577232e-05 2.577044822141722567e-05 2.582333772883131054e-05 2.584820710370865757e-05
6.391065434577617452e+02 2.133835102002024187e-05 2.135453841178806670e-05 2.134725008071147032e-05 2.134103486969683247e-05 2.129358168348269981e-05 2.133419150953373857e-05 2.135328433487371395e-05
6.878286960233558602e+02 1.762803150094561822e-05 1.764045829723144047e-05 1.763486326486910161e-05 1.763009190459884578e-05 1.759365858614657832e-05 1.762483818168315803e-05 1.763949559184493828e-05
7.402651716152504378e+02 1.456241438272417800e-05 1.457195386516130242e-05 1.456765888664605535e-05 1.456399610027308560e-05 1.453602485430225861e-05 1.455996292429727734e-05 1.457121486099692776e-05
7.966991308660801678e+02 1.202958098334020923e-05 1.203690374590986102e-05 1.203360685629808419e-05 1.203079518070310676e-05 1.200932152168638889e-05 1.202769911142158260e-05 1.203633648124271131e-05
8.574353210995918744e+02 9.937017188090921353e-06 9.942638150632772580e-06 9.940107490113443740e-06 9.937949228011476899e-06 9.921464462350575763e-06 9.935572613066685923e-06 9.942202728022155012e-06
9.228017219874961938e+02 8.208254692355877727e-06 8.212569217878720851e-06 8.210626765286229586e-06 8.208970119947881763e-06 8.196315671465867673e-06 8.207145834839243403e-06 8.212235004696726359e-06
9.931513166626127713e+02 6.780092309529813653e-06 6.783403948241293913e-06 6.781913026203307234e-06 6.780641450429340824e-06 6.770927664395392675e-06 6.779241175400523131e-06 6.783147426358240933e-06
1.068863997852449074e+03 5.600297468572061602e-06 5.602839268092548190e-06 5.601694946068426885e-06 5.600718960974947383e-06 5.593262722706402151e-06 5.599644175838325850e-06 5.602642382318085593e-06
1.150348619326488006e+03 4.625705151843919439e-06 4.627656024343488276e-06 4.626777748001599694e-06 4.626028659396131195e-06 4.620305472238073000e-06 4.625203726721505584e-06 4.627504914031164873e-06
1.238045203735110363e+03 3.820645729725208084e-06 3.822143021673612585e-06 3.821468952524191200e-06 3.820894025085752715e-06 3.816501199428455963e-06 3.820260877851228238e-06 3.822027046660391842e-06
1.332427318762649065e+03 3.155644928124148602e-06 3.156794073056149382e-06 3.156276741776124829e-06 3.155835493078454975e-06 3.152463872527790164e-06 3.155349554891879601e-06 3.156705065682419128e-06
1.434004634425993800e+03 2.606348929868356441e-06 2.607230860633949028e-06 2.606833829393221887e-06 2.606495184087403901e-06 2.603907430492728194e-06 2.606122236203299876e-06 2.607162551403764509e-06
1.543325675328290117e+03 2.152635703443291690e-06 2.153312543665481669e-06 2.153007843375400494e-06 2.152747948015477010e-06 2.150761865019075035e-06 2.152461723571514619e-06 2.153260120261294799e-06
1.660980782730134706e+03 1.777880357327825210e-06 1.778399791326045612e-06 1.778165953994391935e-06 1.777966499231964298e-06 1.776442226082503251e-06 1.777746836009335790e-06 1.778359560031611100e-06
1.787605302433624047e+03 1.468347871902009722e-06 1.468746499770174262e-06 1.468567047842896471e-06 1.468413980251075908e-06 1.467244158264428648e-06 1.468245402366444378e-06 1.468715625532043891e-06
1.923883015694106007e+03 1.212691160160831824e-06 1.212997073563352024e-06 1.212859360169262412e-06 1.212741893260261756e-06 1.211844115321830832e-06 1.212612522244116107e-06 1.212973380434734863e-06
2.070549831686735160e+03 1.001536216513397831e-06 1.001770976117885225e-06 1.001665294743663347e-06 1.001575149722003716e-06 1.000886163081228463e-06 1.001475868525173329e-06 1.001752794064731903e-06
2.228397761467432247e+03 8.271392652900608354e-07 8.273194187776279468e-07 8.272383198062979464e-07 8.271691427147061506e-07 8.266403981569579153e-07 8.270929539215569655e-07 8.273054660800121402e-07
2.398279194887959420e+03 6.831034296644617918e-07 6.832416770134321070e-07 6.831794430811365960e-07 6.831263573753637854e-07 6.827205922341722026e-07 6.830678905276367914e-07 6.832309699947382138e-07
2.581111503560671736e+03 5.641446007902460900e-07 5.642506887625452169e-07 5.642029320418323943e-07 5.641621951388405707e-07 5.638508101170921240e-07 5.641173285400593069e-07 5.642424724981843826e-07
2.777881994729341386e+03 4.658979733915954699e-07 4.659793821297859641e-07 4.659427352133670934e-07 4.659114748599295212e-07 4.656725203264369649e-07 4.658770452690163019e-07 4.659730772612878277e-07
2.989653242797251096e+03 3.847581919422747228e-07 3.848206619776334003e-07 3.847925406145138756e-07 3.847685525315658612e-07 3.845851827418676369e-07 3.847421323280334612e-07 3.848158238898404731e-07
3.217568827303256512e+03 3.177472740490019224e-07 3.177952108034805135e-07 3.177736317906555017e-07 3.177552243554240185e-07 3.176145109050362265e-07 3.177349504997848918e-07 3.177914982918948823e-07
3.462859508331202960e+03 2.624054887396514269e-07 2.624422729910443201e-07 2.624257144024620056e-07 2.624115894375205476e-07 2.623036104919108691e-07 2.623960321912939997e-07 2.624394242136923186e-07
3.726849872700362084e+03 2.167012035056629708e-07 2.167294296715602544e-07 2.167167235840811462e-07 2.167058848617128598e-07 2.166230260873401168e-07 2.166939470271557317e-07 2.167272436922076995e-07
4.010965486826866254e+03 1.789564053555676407e-07 1.789780643737410558e-07 1.789683145362569219e-07 1.789599975561824777e-07 1.788964155588215291e-07 1.789508371423918928e-07 1.789763869967453040e-07
4.316740594881949619e+03 1.477851728022185894e-07 1.478017924864728878e-07 1.477943111336923151e-07 1.477879292290903906e-07 1.477391397329073526e-07 1.477809000992346209e-07 1.478005053855666899e-07
4.645826403817709433e+03 1.220428483246513514e-07 1.220556010821677278e-07 1.220498604422002265e-07 1.220449634181204536e-07 1.220075251928948268e-07 1.220395697378735857e-07 1.220546134573656464e-07
4.999999999999999091e+03 1.007840515448165390e-07 1.007938370433136387e-07 1.007894321226830300e-07 1.007856745131574364e-07 1.007569467934985819e-07 1.007815357918463977e-07 1.007930792181249633e-07
