# H AMS02(2012/01-2012/03)
# <E>  Elo  Eup   y   ystat_lo  ystat_up  ysyst_lo  ysyst_up  yerrtot_lo  yerrtot_up
4.921364e-01 4.352946e-01 5.564008e-01 1.124570e+03 -7.161121e+00 7.161121e+00 -3.541206e+01 3.541206e+01 3.612888e+01 3.612888e+01
6.207188e-01 5.564008e-01 6.924719e-01 1.056395e+03 -3.607315e+00 3.607315e+00 -2.818831e+01 2.818831e+01 2.841819e+01 2.841819e+01
7.640104e-01 6.924719e-01 8.429394e-01 9.562189e+02 -2.924627e+00 2.924627e+00 -2.115680e+01 2.115680e+01 2.135799e+01 2.135799e+01
9.254392e-01 8.429394e-01 1.016013e+00 8.548595e+02 -2.003541e+00 2.003541e+00 -1.742343e+01 1.742343e+01 1.753825e+01 1.753825e+01
1.105475e+00 1.016013e+00 1.202814e+00 7.432376e+02 -1.640713e+00 1.640713e+00 -1.413744e+01 1.413744e+01 1.423233e+01 1.423233e+01
1.303178e+00 1.202814e+00 1.411917e+00 6.438865e+02 -1.326752e+00 1.326752e+00 -1.141401e+01 1.141401e+01 1.149086e+01 1.149086e+01
1.523198e+00 1.411917e+00 1.643250e+00 5.505753e+02 -1.092545e+00 1.092545e+00 -9.163752e+00 9.163752e+00 9.228651e+00 9.228651e+00
1.765414e+00 1.643250e+00 1.896660e+00 4.691355e+02 -8.874769e-01 8.874769e-01 -7.333803e+00 7.333803e+00 7.387305e+00 7.387305e+00
2.034101e+00 1.896660e+00 2.181501e+00 3.950166e+02 -7.271896e-01 7.271896e-01 -5.884608e+00 5.884608e+00 5.929369e+00 5.929369e+00
2.329804e+00 2.181501e+00 2.488190e+00 3.289912e+02 -5.854733e-01 5.854733e-01 -4.787367e+00 4.787367e+00 4.823034e+00 4.823034e+00
2.651803e+00 2.488190e+00 2.826175e+00 2.747378e+02 -4.827524e-01 4.827524e-01 -3.822318e+00 3.822318e+00 3.852683e+00 3.852683e+00
3.005121e+00 2.826175e+00 3.195398e+00 2.277062e+02 -3.985803e-01 3.985803e-01 -3.081261e+00 3.081261e+00 3.106933e+00 3.106933e+00
3.389679e+00 3.195398e+00 3.595772e+00 1.870207e+02 -3.163432e-01 3.163432e-01 -2.553859e+00 2.553859e+00 2.573377e+00 2.573377e+00
3.810010e+00 3.595772e+00 4.037014e+00 1.534147e+02 -2.513891e-01 2.513891e-01 -2.034913e+00 2.034913e+00 2.050382e+00 2.050382e+00
4.271264e+00 4.037014e+00 4.519107e+00 1.248853e+02 -2.045418e-01 2.045418e-01 -1.622813e+00 1.622813e+00 1.635653e+00 1.635653e+00
4.773400e+00 4.519107e+00 5.042003e+00 1.015436e+02 -1.682000e-01 1.682000e-01 -1.314777e+00 1.314777e+00 1.325492e+00 1.325492e+00
5.316357e+00 5.042003e+00 5.605640e+00 8.184366e+01 -1.369192e-01 1.369192e-01 -1.049508e+00 1.049508e+00 1.058402e+00 1.058402e+00
5.904771e+00 5.605640e+00 6.219864e+00 6.616597e+01 -1.099039e-01 1.099039e-01 -8.361832e-01 8.361832e-01 8.433749e-01 8.433749e-01
6.543820e+00 6.219864e+00 6.884648e+00 5.313484e+01 -8.891058e-02 8.891058e-02 -6.739916e-01 6.739916e-01 6.798307e-01 6.798307e-01
7.233464e+00 6.884648e+00 7.599953e+00 4.272531e+01 -7.317834e-02 7.317834e-02 -5.425176e-01 5.425176e-01 5.474307e-01 5.474307e-01
7.978396e+00 7.599953e+00 8.375684e+00 3.427643e+01 -6.078270e-02 6.078270e-02 -4.315627e-01 4.315627e-01 4.358221e-01 4.358221e-01
8.783808e+00 8.375684e+00 9.211818e+00 2.758283e+01 -5.110702e-02 5.110702e-02 -3.410616e-01 3.410616e-01 3.448695e-01 3.448695e-01
9.649667e+00 9.211818e+00 1.010833e+01 2.201220e+01 -4.304015e-02 4.304015e-02 -2.806086e-01 2.806086e-01 2.838902e-01 2.838902e-01
1.059498e+01 1.010833e+01 1.110506e+01 1.769004e+01 -3.575936e-02 3.575936e-02 -2.204042e-01 2.204042e-01 2.232862e-01 2.232862e-01
1.159296e+01 1.110506e+01 1.210229e+01 1.421967e+01 -3.124780e-02 3.124780e-02 -1.802742e-01 1.802742e-01 1.829623e-01 1.829623e-01
1.263909e+01 1.210229e+01 1.319970e+01 1.153516e+01 -2.609885e-02 2.609885e-02 -1.501234e-01 1.501234e-01 1.523751e-01 1.523751e-01
1.378550e+01 1.319970e+01 1.439730e+01 9.324282e+00 -2.180679e-02 2.180679e-02 -1.180799e-01 1.180799e-01 1.200766e-01 1.200766e-01
1.503219e+01 1.439730e+01 1.569509e+01 7.482235e+00 -1.815879e-02 1.815879e-02 -9.504511e-02 9.504511e-02 9.676422e-02 9.676422e-02
1.637917e+01 1.569509e+01 1.709306e+01 6.001654e+00 -1.503056e-02 1.503056e-02 -7.701747e-02 7.701747e-02 7.847043e-02 7.847043e-02
1.782640e+01 1.709306e+01 1.859121e+01 4.833315e+00 -1.234862e-02 1.234862e-02 -6.200437e-02 6.200437e-02 6.322207e-02 6.322207e-02
1.937390e+01 1.859121e+01 2.018953e+01 3.893405e+00 -1.022716e-02 1.022716e-02 -5.000083e-02 5.000083e-02 5.103604e-02 5.103604e-02
2.102162e+01 2.018953e+01 2.188800e+01 3.161272e+00 -8.619357e-03 8.619357e-03 -4.099350e-02 4.099350e-02 4.188986e-02 4.188986e-02
2.281753e+01 2.188800e+01 2.378654e+01 2.544504e+00 -7.078780e-03 7.078780e-03 -3.298839e-02 3.298839e-02 3.373934e-02 3.373934e-02
2.476573e+01 2.378654e+01 2.578523e+01 2.042126e+00 -5.998656e-03 5.998656e-03 -2.599144e-02 2.599144e-02 2.667469e-02 2.667469e-02
2.681411e+01 2.578523e+01 2.788404e+01 1.651262e+00 -5.161656e-03 5.161656e-03 -2.099243e-02 2.099243e-02 2.161770e-02 2.161770e-02
2.901073e+01 2.788404e+01 3.018293e+01 1.343791e+00 -4.429768e-03 4.429768e-03 -1.699400e-02 1.699400e-02 1.756186e-02 1.756186e-02
3.135950e+01 3.018293e+01 3.258193e+01 1.074017e+00 -3.870337e-03 3.870337e-03 -1.399452e-02 1.399452e-02 1.451985e-02 1.451985e-02
3.385654e+01 3.258193e+01 3.518100e+01 8.707218e-01 -3.342607e-03 3.342607e-03 -1.149448e-02 1.149448e-02 1.197063e-02 1.197063e-02
3.655379e+01 3.518100e+01 3.798014e+01 7.122261e-01 -2.908329e-03 2.908329e-03 -9.295723e-03 9.295723e-03 9.740064e-03 9.740064e-03
3.945125e+01 3.798014e+01 4.097934e+01 5.764610e-01 -2.523585e-03 2.523585e-03 -7.596332e-03 7.596332e-03 8.004545e-03 8.004545e-03
4.254892e+01 4.097934e+01 4.417861e+01 4.707977e-01 -2.204519e-03 2.204519e-03 -6.197074e-03 6.197074e-03 6.577509e-03 6.577509e-03
4.584678e+01 4.417861e+01 4.757793e+01 3.814184e-01 -1.921802e-03 1.921802e-03 -5.097606e-03 5.097606e-03 5.447835e-03 5.447835e-03
4.939300e+01 4.757793e+01 5.127730e+01 3.130349e-01 -1.666117e-03 1.666117e-03 -4.197749e-03 4.197749e-03 4.516309e-03 4.516309e-03
