# H AMS02(2012/08-2012/08)
# <E>  Elo  Eup   y   ystat_lo  ystat_up  ysyst_lo  ysyst_up  yerrtot_lo  yerrtot_up
4.921364e-01 4.352946e-01 5.564008e-01 7.765046e+02 -4.164357e+00 4.164357e+00 -3.541206e+01 3.541206e+01 3.565608e+01 3.565608e+01
6.207188e-01 5.564008e-01 6.924719e-01 7.400796e+02 -2.807221e+00 2.807221e+00 -2.818831e+01 2.818831e+01 2.832775e+01 2.832775e+01
7.640104e-01 6.924719e-01 8.429394e-01 6.892398e+02 -2.323585e+00 2.323585e+00 -2.115680e+01 2.115680e+01 2.128401e+01 2.128401e+01
9.254392e-01 8.429394e-01 1.016013e+00 6.271504e+02 -1.604138e+00 1.604138e+00 -1.742343e+01 1.742343e+01 1.749712e+01 1.749712e+01
1.105475e+00 1.016013e+00 1.202814e+00 5.614029e+02 -1.336772e+00 1.336772e+00 -1.413744e+01 1.413744e+01 1.420050e+01 1.420050e+01
1.303178e+00 1.202814e+00 1.411917e+00 4.987022e+02 -1.099242e+00 1.099242e+00 -1.141401e+01 1.141401e+01 1.146682e+01 1.146682e+01
1.523198e+00 1.411917e+00 1.643250e+00 4.357118e+02 -9.152357e-01 9.152357e-01 -9.163752e+00 9.163752e+00 9.209343e+00 9.209343e+00
1.765414e+00 1.643250e+00 1.896660e+00 3.788606e+02 -7.566188e-01 7.566188e-01 -7.333803e+00 7.333803e+00 7.372729e+00 7.372729e+00
2.034101e+00 1.896660e+00 2.181501e+00 3.254992e+02 -6.254353e-01 6.254353e-01 -5.884608e+00 5.884608e+00 5.917751e+00 5.917751e+00
2.329804e+00 2.181501e+00 2.488190e+00 2.774355e+02 -5.125055e-01 5.125055e-01 -4.787367e+00 4.787367e+00 4.814722e+00 4.814722e+00
2.651803e+00 2.488190e+00 2.826175e+00 2.352948e+02 -4.280464e-01 4.280464e-01 -3.822318e+00 3.822318e+00 3.846211e+00 3.846211e+00
3.005121e+00 2.826175e+00 3.195398e+00 1.986402e+02 -3.561966e-01 3.561966e-01 -3.081261e+00 3.081261e+00 3.101781e+00 3.101781e+00
3.389679e+00 3.195398e+00 3.595772e+00 1.666122e+02 -2.869891e-01 2.869891e-01 -2.553859e+00 2.553859e+00 2.569934e+00 2.569934e+00
3.810010e+00 3.595772e+00 4.037014e+00 1.387145e+02 -2.313402e-01 2.313402e-01 -2.034913e+00 2.034913e+00 2.048021e+00 2.048021e+00
4.271264e+00 4.037014e+00 4.519107e+00 1.143879e+02 -1.902156e-01 1.902156e-01 -1.622813e+00 1.622813e+00 1.633923e+00 1.633923e+00
4.773400e+00 4.519107e+00 5.042003e+00 9.388963e+01 -1.572613e-01 1.572613e-01 -1.314777e+00 1.314777e+00 1.324149e+00 1.324149e+00
5.316357e+00 5.042003e+00 5.605640e+00 7.671250e+01 -1.288838e-01 1.288838e-01 -1.049508e+00 1.049508e+00 1.057392e+00 1.057392e+00
5.904771e+00 5.605640e+00 6.219864e+00 6.234250e+01 -1.041146e-01 1.041146e-01 -8.361832e-01 8.361832e-01 8.426400e-01 8.426400e-01
6.543820e+00 6.219864e+00 6.884648e+00 5.072646e+01 -8.512566e-02 8.512566e-02 -6.739916e-01 6.739916e-01 6.793460e-01 6.793460e-01
7.233464e+00 6.884648e+00 7.599953e+00 4.110107e+01 -7.060196e-02 7.060196e-02 -5.425176e-01 5.425176e-01 5.470923e-01 5.470923e-01
7.978396e+00 7.599953e+00 8.375684e+00 3.319339e+01 -5.898068e-02 5.898068e-02 -4.315627e-01 4.315627e-01 4.355744e-01 4.355744e-01
8.783808e+00 8.375684e+00 9.211818e+00 2.667592e+01 -4.962062e-02 4.962062e-02 -3.410616e-01 3.410616e-01 3.446523e-01 3.446523e-01
9.649667e+00 9.211818e+00 1.010833e+01 2.153829e+01 -4.205134e-02 4.205134e-02 -2.806086e-01 2.806086e-01 2.837420e-01 2.837420e-01
1.059498e+01 1.010833e+01 1.110506e+01 1.730296e+01 -3.492775e-02 3.492775e-02 -2.204042e-01 2.204042e-01 2.231546e-01 2.231546e-01
1.159296e+01 1.110506e+01 1.210229e+01 1.397312e+01 -3.059098e-02 3.059098e-02 -1.802742e-01 1.802742e-01 1.828513e-01 1.828513e-01
1.263909e+01 1.210229e+01 1.319970e+01 1.135208e+01 -2.555757e-02 2.555757e-02 -1.501234e-01 1.501234e-01 1.522834e-01 1.522834e-01
1.378550e+01 1.319970e+01 1.439730e+01 9.194933e+00 -2.138201e-02 2.138201e-02 -1.180799e-01 1.180799e-01 1.200002e-01 1.200002e-01
1.503219e+01 1.439730e+01 1.569509e+01 7.416083e+00 -1.783702e-02 1.783702e-02 -9.504511e-02 9.504511e-02 9.670435e-02 9.670435e-02
1.637917e+01 1.569509e+01 1.709306e+01 5.963640e+00 -1.474338e-02 1.474338e-02 -7.701747e-02 7.701747e-02 7.841593e-02 7.841593e-02
1.782640e+01 1.709306e+01 1.859121e+01 4.826289e+00 -1.214923e-02 1.214923e-02 -6.200437e-02 6.200437e-02 6.318343e-02 6.318343e-02
1.937390e+01 1.859121e+01 2.018953e+01 3.884646e+00 -1.008791e-02 1.008791e-02 -5.000083e-02 5.000083e-02 5.100832e-02 5.100832e-02
2.102162e+01 2.018953e+01 2.188800e+01 3.138303e+00 -8.501484e-03 8.501484e-03 -4.099350e-02 4.099350e-02 4.186576e-02 4.186576e-02
2.281753e+01 2.188800e+01 2.378654e+01 2.542265e+00 -7.020047e-03 7.020047e-03 -3.298839e-02 3.298839e-02 3.372707e-02 3.372707e-02
2.476573e+01 2.378654e+01 2.578523e+01 2.039299e+00 -5.957618e-03 5.957618e-03 -2.599144e-02 2.599144e-02 2.666549e-02 2.666549e-02
2.681411e+01 2.578523e+01 2.788404e+01 1.641650e+00 -5.134017e-03 5.134017e-03 -2.099243e-02 2.099243e-02 2.161111e-02 2.161111e-02
2.901073e+01 2.788404e+01 3.018293e+01 1.321381e+00 -4.390841e-03 4.390841e-03 -1.699400e-02 1.699400e-02 1.755208e-02 1.755208e-02
3.135950e+01 3.018293e+01 3.258193e+01 1.078841e+00 -3.877439e-03 3.877439e-03 -1.399452e-02 1.399452e-02 1.452175e-02 1.452175e-02
3.385654e+01 3.258193e+01 3.518100e+01 8.842426e-01 -3.367182e-03 3.367182e-03 -1.149448e-02 1.149448e-02 1.197752e-02 1.197752e-02
3.655379e+01 3.518100e+01 3.798014e+01 7.136475e-01 -2.910303e-03 2.910303e-03 -9.295723e-03 9.295723e-03 9.740653e-03 9.740653e-03
3.945125e+01 3.798014e+01 4.097934e+01 5.807888e-01 -2.532601e-03 2.532601e-03 -7.596332e-03 7.596332e-03 8.007392e-03 8.007392e-03
4.254892e+01 4.097934e+01 4.417861e+01 4.716547e-01 -2.206573e-03 2.206573e-03 -6.197074e-03 6.197074e-03 6.578198e-03 6.578198e-03
4.584678e+01 4.417861e+01 4.757793e+01 3.850269e-01 -1.931397e-03 1.931397e-03 -5.097606e-03 5.097606e-03 5.451228e-03 5.451228e-03
4.939300e+01 4.757793e+01 5.127730e+01 3.124068e-01 -1.665418e-03 1.665418e-03 -4.197749e-03 4.197749e-03 4.516051e-03 4.516051e-03
