# H AMS02(2013/05-2013/06)
# <E>  Elo  Eup   y   ystat_lo  ystat_up  ysyst_lo  ysyst_up  yerrtot_lo  yerrtot_up
4.921364e-01 4.352946e-01 5.564008e-01 6.836024e+02 -4.585458e+00 4.585458e+00 -3.541206e+01 3.541206e+01 3.570771e+01 3.570771e+01
6.207188e-01 5.564008e-01 6.924719e-01 6.813062e+02 -2.750984e+00 2.750984e+00 -2.818831e+01 2.818831e+01 2.832223e+01 2.832223e+01
7.640104e-01 6.924719e-01 8.429394e-01 6.342423e+02 -2.272292e+00 2.272292e+00 -2.115680e+01 2.115680e+01 2.127847e+01 2.127847e+01
9.254392e-01 8.429394e-01 1.016013e+00 5.866860e+02 -1.583580e+00 1.583580e+00 -1.742343e+01 1.742343e+01 1.749525e+01 1.749525e+01
1.105475e+00 1.016013e+00 1.202814e+00 5.286238e+02 -1.316072e+00 1.316072e+00 -1.413744e+01 1.413744e+01 1.419857e+01 1.419857e+01
1.303178e+00 1.202814e+00 1.411917e+00 4.728452e+02 -1.080629e+00 1.080629e+00 -1.141401e+01 1.141401e+01 1.146505e+01 1.146505e+01
1.523198e+00 1.411917e+00 1.643250e+00 4.152205e+02 -9.007567e-01 9.007567e-01 -9.163752e+00 9.163752e+00 9.207916e+00 9.207916e+00
1.765414e+00 1.643250e+00 1.896660e+00 3.609533e+02 -7.426238e-01 7.426238e-01 -7.333803e+00 7.333803e+00 7.371306e+00 7.371306e+00
2.034101e+00 1.896660e+00 2.181501e+00 3.118311e+02 -6.152933e-01 6.152933e-01 -5.884608e+00 5.884608e+00 5.916688e+00 5.916688e+00
2.329804e+00 2.181501e+00 2.488190e+00 2.676088e+02 -5.055164e-01 5.055164e-01 -4.787367e+00 4.787367e+00 4.813983e+00 4.813983e+00
2.651803e+00 2.488190e+00 2.826175e+00 2.277274e+02 -4.229542e-01 4.229542e-01 -3.822318e+00 3.822318e+00 3.845648e+00 3.845648e+00
3.005121e+00 2.826175e+00 3.195398e+00 1.926521e+02 -3.527493e-01 3.527493e-01 -3.081261e+00 3.081261e+00 3.101387e+00 3.101387e+00
3.389679e+00 3.195398e+00 3.595772e+00 1.615406e+02 -2.840659e-01 2.840659e-01 -2.553859e+00 2.553859e+00 2.569609e+00 2.569609e+00
3.810010e+00 3.595772e+00 4.037014e+00 1.347677e+02 -2.292169e-01 2.292169e-01 -2.034913e+00 2.034913e+00 2.047782e+00 2.047782e+00
4.271264e+00 4.037014e+00 4.519107e+00 1.115972e+02 -1.889075e-01 1.889075e-01 -1.622813e+00 1.622813e+00 1.633771e+00 1.633771e+00
4.773400e+00 4.519107e+00 5.042003e+00 9.170872e+01 -1.564371e-01 1.564371e-01 -1.314777e+00 1.314777e+00 1.324051e+00 1.324051e+00
5.316357e+00 5.042003e+00 5.605640e+00 7.524244e+01 -1.286113e-01 1.286113e-01 -1.049508e+00 1.049508e+00 1.057359e+00 1.057359e+00
5.904771e+00 5.605640e+00 6.219864e+00 6.117032e+01 -1.039505e-01 1.039505e-01 -8.361832e-01 8.361832e-01 8.426198e-01 8.426198e-01
6.543820e+00 6.219864e+00 6.884648e+00 4.952557e+01 -8.480306e-02 8.480306e-02 -6.739916e-01 6.739916e-01 6.793057e-01 6.793057e-01
7.233464e+00 6.884648e+00 7.599953e+00 4.021917e+01 -7.040345e-02 7.040345e-02 -5.425176e-01 5.425176e-01 5.470667e-01 5.470667e-01
7.978396e+00 7.599953e+00 8.375684e+00 3.257715e+01 -5.890841e-02 5.890841e-02 -4.315627e-01 4.315627e-01 4.355647e-01 4.355647e-01
8.783808e+00 8.375684e+00 9.211818e+00 2.630659e+01 -4.968942e-02 4.968942e-02 -3.410616e-01 3.410616e-01 3.446622e-01 3.446622e-01
9.649667e+00 9.211818e+00 1.010833e+01 2.121753e+01 -4.210407e-02 4.210407e-02 -2.806086e-01 2.806086e-01 2.837498e-01 2.837498e-01
1.059498e+01 1.010833e+01 1.110506e+01 1.699694e+01 -3.493381e-02 3.493381e-02 -2.204042e-01 2.204042e-01 2.231555e-01 2.231555e-01
1.159296e+01 1.110506e+01 1.210229e+01 1.382660e+01 -3.070902e-02 3.070902e-02 -1.802742e-01 1.802742e-01 1.828711e-01 1.828711e-01
1.263909e+01 1.210229e+01 1.319970e+01 1.116265e+01 -2.559683e-02 2.559683e-02 -1.501234e-01 1.501234e-01 1.522900e-01 1.522900e-01
1.378550e+01 1.319970e+01 1.439730e+01 9.036746e+00 -2.141175e-02 2.141175e-02 -1.180799e-01 1.180799e-01 1.200055e-01 1.200055e-01
1.503219e+01 1.439730e+01 1.569509e+01 7.294901e+00 -1.788062e-02 1.788062e-02 -9.504511e-02 9.504511e-02 9.671241e-02 9.671241e-02
1.637917e+01 1.569509e+01 1.709306e+01 5.860925e+00 -1.479404e-02 1.479404e-02 -7.701747e-02 7.701747e-02 7.842547e-02 7.842547e-02
1.782640e+01 1.709306e+01 1.859121e+01 4.757427e+00 -1.219516e-02 1.219516e-02 -6.200437e-02 6.200437e-02 6.319228e-02 6.319228e-02
1.937390e+01 1.859121e+01 2.018953e+01 3.854400e+00 -1.015392e-02 1.015392e-02 -5.000083e-02 5.000083e-02 5.102142e-02 5.102142e-02
2.102162e+01 2.018953e+01 2.188800e+01 3.097153e+00 -8.531615e-03 8.531615e-03 -4.099350e-02 4.099350e-02 4.187189e-02 4.187189e-02
2.281753e+01 2.188800e+01 2.378654e+01 2.514842e+00 -7.042716e-03 7.042716e-03 -3.298839e-02 3.298839e-02 3.373179e-02 3.373179e-02
2.476573e+01 2.378654e+01 2.578523e+01 2.025307e+00 -5.981361e-03 5.981361e-03 -2.599144e-02 2.599144e-02 2.667080e-02 2.667080e-02
2.681411e+01 2.578523e+01 2.788404e+01 1.626695e+00 -5.135057e-03 5.135057e-03 -2.099243e-02 2.099243e-02 2.161136e-02 2.161136e-02
2.901073e+01 2.788404e+01 3.018293e+01 1.331608e+00 -4.427052e-03 4.427052e-03 -1.699400e-02 1.699400e-02 1.756117e-02 1.756117e-02
3.135950e+01 3.018293e+01 3.258193e+01 1.078093e+00 -3.893427e-03 3.893427e-03 -1.399452e-02 1.399452e-02 1.452602e-02 1.452602e-02
3.385654e+01 3.258193e+01 3.518100e+01 8.789321e-01 -3.372361e-03 3.372361e-03 -1.149448e-02 1.149448e-02 1.197898e-02 1.197898e-02
3.655379e+01 3.518100e+01 3.798014e+01 7.108093e-01 -2.917861e-03 2.917861e-03 -9.295723e-03 9.295723e-03 9.742914e-03 9.742914e-03
3.945125e+01 3.798014e+01 4.097934e+01 5.768151e-01 -2.535604e-03 2.535604e-03 -7.596332e-03 7.596332e-03 8.008342e-03 8.008342e-03
4.254892e+01 4.097934e+01 4.417861e+01 4.682742e-01 -2.208791e-03 2.208791e-03 -6.197074e-03 6.197074e-03 6.578942e-03 6.578942e-03
4.584678e+01 4.417861e+01 4.757793e+01 3.853314e-01 -1.940927e-03 1.940927e-03 -5.097606e-03 5.097606e-03 5.454611e-03 5.454611e-03
4.939300e+01 4.757793e+01 5.127730e+01 3.113240e-01 -1.669832e-03 1.669832e-03 -4.197749e-03 4.197749e-03 4.517680e-03 4.517680e-03
