# H AMS02(2011/11-2011/12)
# <E>  Elo  Eup   y   ystat_lo  ystat_up  ysyst_lo  ysyst_up  yerrtot_lo  yerrtot_up
4.921364e-01 4.352946e-01 5.564008e-01 1.111158e+03 -8.013457e+00 8.013457e+00 -3.541206e+01 3.541206e+01 3.630743e+01 3.630743e+01
6.207188e-01 5.564008e-01 6.924719e-01 1.045180e+03 -3.635590e+00 3.635590e+00 -2.818831e+01 2.818831e+01 2.842179e+01 2.842179e+01
7.640104e-01 6.924719e-01 8.429394e-01 9.583603e+02 -2.947294e+00 2.947294e+00 -2.115680e+01 2.115680e+01 2.136110e+01 2.136110e+01
9.254392e-01 8.429394e-01 1.016013e+00 8.559618e+02 -2.029503e+00 2.029503e+00 -1.742343e+01 1.742343e+01 1.754123e+01 1.754123e+01
1.105475e+00 1.016013e+00 1.202814e+00 7.507486e+02 -1.666110e+00 1.666110e+00 -1.413744e+01 1.413744e+01 1.423528e+01 1.423528e+01
1.303178e+00 1.202814e+00 1.411917e+00 6.526621e+02 -1.352224e+00 1.352224e+00 -1.141401e+01 1.141401e+01 1.149383e+01 1.149383e+01
1.523198e+00 1.411917e+00 1.643250e+00 5.593972e+02 -1.117601e+00 1.117601e+00 -9.163752e+00 9.163752e+00 9.231651e+00 9.231651e+00
1.765414e+00 1.643250e+00 1.896660e+00 4.740094e+02 -9.060313e-01 9.060313e-01 -7.333803e+00 7.333803e+00 7.389557e+00 7.389557e+00
2.034101e+00 1.896660e+00 2.181501e+00 3.982040e+02 -7.410413e-01 7.410413e-01 -5.884608e+00 5.884608e+00 5.931084e+00 5.931084e+00
2.329804e+00 2.181501e+00 2.488190e+00 3.356730e+02 -6.003664e-01 6.003664e-01 -4.787367e+00 4.787367e+00 4.824865e+00 4.824865e+00
2.651803e+00 2.488190e+00 2.826175e+00 2.790278e+02 -4.944931e-01 4.944931e-01 -3.822318e+00 3.822318e+00 3.854172e+00 3.854172e+00
3.005121e+00 2.826175e+00 3.195398e+00 2.308122e+02 -4.092048e-01 4.092048e-01 -3.081261e+00 3.081261e+00 3.108314e+00 3.108314e+00
3.389679e+00 3.195398e+00 3.595772e+00 1.905910e+02 -3.261370e-01 3.261370e-01 -2.553859e+00 2.553859e+00 2.574599e+00 2.574599e+00
3.810010e+00 3.595772e+00 4.037014e+00 1.561447e+02 -2.587543e-01 2.587543e-01 -2.034913e+00 2.034913e+00 2.051298e+00 2.051298e+00
4.271264e+00 4.037014e+00 4.519107e+00 1.271281e+02 -2.107487e-01 2.107487e-01 -1.622813e+00 1.622813e+00 1.636440e+00 1.636440e+00
4.773400e+00 4.519107e+00 5.042003e+00 1.030634e+02 -1.731112e-01 1.731112e-01 -1.314777e+00 1.314777e+00 1.326124e+00 1.326124e+00
5.316357e+00 5.042003e+00 5.605640e+00 8.324197e+01 -1.413390e-01 1.413390e-01 -1.049508e+00 1.049508e+00 1.058982e+00 1.058982e+00
5.904771e+00 5.605640e+00 6.219864e+00 6.709096e+01 -1.133554e-01 1.133554e-01 -8.361832e-01 8.361832e-01 8.438316e-01 8.438316e-01
6.543820e+00 6.219864e+00 6.884648e+00 5.400023e+01 -9.183634e-02 9.183634e-02 -6.739916e-01 6.739916e-01 6.802195e-01 6.802195e-01
7.233464e+00 6.884648e+00 7.599953e+00 4.335946e+01 -7.552653e-02 7.552653e-02 -5.425176e-01 5.425176e-01 5.477496e-01 5.477496e-01
7.978396e+00 7.599953e+00 8.375684e+00 3.472595e+01 -6.268692e-02 6.268692e-02 -4.315627e-01 4.315627e-01 4.360917e-01 4.360917e-01
8.783808e+00 8.375684e+00 9.211818e+00 2.788617e+01 -5.264982e-02 5.264982e-02 -3.410616e-01 3.410616e-01 3.451015e-01 3.451015e-01
9.649667e+00 9.211818e+00 1.010833e+01 2.223610e+01 -4.432380e-02 4.432380e-02 -2.806086e-01 2.806086e-01 2.840876e-01 2.840876e-01
1.059498e+01 1.010833e+01 1.110506e+01 1.785011e+01 -3.680811e-02 3.680811e-02 -2.204042e-01 2.204042e-01 2.234566e-01 2.234566e-01
1.159296e+01 1.110506e+01 1.210229e+01 1.431088e+01 -3.214199e-02 3.214199e-02 -1.802742e-01 1.802742e-01 1.831172e-01 1.831172e-01
1.263909e+01 1.210229e+01 1.319970e+01 1.160716e+01 -2.686130e-02 2.686130e-02 -1.501234e-01 1.501234e-01 1.525076e-01 1.525076e-01
1.378550e+01 1.319970e+01 1.439730e+01 9.375255e+00 -2.245424e-02 2.245424e-02 -1.180799e-01 1.180799e-01 1.201959e-01 1.201959e-01
1.503219e+01 1.439730e+01 1.569509e+01 7.508809e+00 -1.869147e-02 1.869147e-02 -9.504511e-02 9.504511e-02 9.686560e-02 9.686560e-02
1.637917e+01 1.569509e+01 1.709306e+01 6.064023e+00 -1.556275e-02 1.556275e-02 -7.701747e-02 7.701747e-02 7.857410e-02 7.857410e-02
1.782640e+01 1.709306e+01 1.859121e+01 4.889269e+00 -1.279536e-02 1.279536e-02 -6.200437e-02 6.200437e-02 6.331085e-02 6.331085e-02
1.937390e+01 1.859121e+01 2.018953e+01 3.917802e+00 -1.057819e-02 1.057819e-02 -5.000083e-02 5.000083e-02 5.110754e-02 5.110754e-02
2.102162e+01 2.018953e+01 2.188800e+01 3.194116e+00 -8.936695e-03 8.936695e-03 -4.099350e-02 4.099350e-02 4.195631e-02 4.195631e-02
2.281753e+01 2.188800e+01 2.378654e+01 2.571868e+00 -7.345467e-03 7.345467e-03 -3.298839e-02 3.298839e-02 3.379630e-02 3.379630e-02
2.476573e+01 2.378654e+01 2.578523e+01 2.063693e+00 -6.226233e-03 6.226233e-03 -2.599144e-02 2.599144e-02 2.672678e-02 2.672678e-02
2.681411e+01 2.578523e+01 2.788404e+01 1.675420e+00 -5.363741e-03 5.363741e-03 -2.099243e-02 2.099243e-02 2.166684e-02 2.166684e-02
2.901073e+01 2.788404e+01 3.018293e+01 1.355613e+00 -4.583122e-03 4.583122e-03 -1.699400e-02 1.699400e-02 1.760117e-02 1.760117e-02
3.135950e+01 3.018293e+01 3.258193e+01 1.096700e+00 -4.030788e-03 4.030788e-03 -1.399452e-02 1.399452e-02 1.456344e-02 1.456344e-02
3.385654e+01 3.258193e+01 3.518100e+01 8.917861e-01 -3.488333e-03 3.488333e-03 -1.149448e-02 1.149448e-02 1.201214e-02 1.201214e-02
3.655379e+01 3.518100e+01 3.798014e+01 7.204239e-01 -3.017868e-03 3.017868e-03 -9.295723e-03 9.295723e-03 9.773331e-03 9.773331e-03
3.945125e+01 3.798014e+01 4.097934e+01 5.882077e-01 -2.631361e-03 2.631361e-03 -7.596332e-03 7.596332e-03 8.039174e-03 8.039174e-03
4.254892e+01 4.097934e+01 4.417861e+01 4.795482e-01 -2.297621e-03 2.297621e-03 -6.197074e-03 6.197074e-03 6.609296e-03 6.609296e-03
4.584678e+01 4.417861e+01 4.757793e+01 3.907278e-01 -2.009368e-03 2.009368e-03 -5.097606e-03 5.097606e-03 5.479338e-03 5.479338e-03
4.939300e+01 4.757793e+01 5.127730e+01 3.195125e-01 -1.739309e-03 1.739309e-03 -4.197749e-03 4.197749e-03 4.543819e-03 4.543819e-03
