# H AMS02(2013/08-2013/10)
# <E>  Elo  Eup   y   ystat_lo  ystat_up  ysyst_lo  ysyst_up  yerrtot_lo  yerrtot_up
4.921364e-01 4.352946e-01 5.564008e-01 5.719690e+02 -4.305634e+00 4.305634e+00 -3.541206e+01 3.541206e+01 3.567285e+01 3.567285e+01
6.207188e-01 5.564008e-01 6.924719e-01 5.684634e+02 -2.506263e+00 2.506263e+00 -2.818831e+01 2.818831e+01 2.829951e+01 2.829951e+01
7.640104e-01 6.924719e-01 8.429394e-01 5.452216e+02 -2.104381e+00 2.104381e+00 -2.115680e+01 2.115680e+01 2.126120e+01 2.126120e+01
9.254392e-01 8.429394e-01 1.016013e+00 5.186639e+02 -1.489412e+00 1.489412e+00 -1.742343e+01 1.742343e+01 1.748697e+01 1.748697e+01
1.105475e+00 1.016013e+00 1.202814e+00 4.760681e+02 -1.252091e+00 1.252091e+00 -1.413744e+01 1.413744e+01 1.419278e+01 1.419278e+01
1.303178e+00 1.202814e+00 1.411917e+00 4.360965e+02 -1.042807e+00 1.042807e+00 -1.141401e+01 1.141401e+01 1.146155e+01 1.146155e+01
1.523198e+00 1.411917e+00 1.643250e+00 3.922814e+02 -8.820838e-01 8.820838e-01 -9.163752e+00 9.163752e+00 9.206108e+00 9.206108e+00
1.765414e+00 1.643250e+00 1.896660e+00 3.489311e+02 -7.362874e-01 7.362874e-01 -7.333803e+00 7.333803e+00 7.370671e+00 7.370671e+00
2.034101e+00 1.896660e+00 2.181501e+00 3.047794e+02 -6.138811e-01 6.138811e-01 -5.884608e+00 5.884608e+00 5.916541e+00 5.916541e+00
2.329804e+00 2.181501e+00 2.488190e+00 2.646716e+02 -5.072525e-01 5.072525e-01 -4.787367e+00 4.787367e+00 4.814165e+00 4.814165e+00
2.651803e+00 2.488190e+00 2.826175e+00 2.276790e+02 -4.270448e-01 4.270448e-01 -3.822318e+00 3.822318e+00 3.846100e+00 3.846100e+00
3.005121e+00 2.826175e+00 3.195398e+00 1.945160e+02 -3.580935e-01 3.580935e-01 -3.081261e+00 3.081261e+00 3.101999e+00 3.101999e+00
3.389679e+00 3.195398e+00 3.595772e+00 1.645388e+02 -2.894558e-01 2.894558e-01 -2.553859e+00 2.553859e+00 2.570210e+00 2.570210e+00
3.810010e+00 3.595772e+00 4.037014e+00 1.380370e+02 -2.341562e-01 2.341562e-01 -2.034913e+00 2.034913e+00 2.048341e+00 2.048341e+00
4.271264e+00 4.037014e+00 4.519107e+00 1.148257e+02 -1.935051e-01 1.935051e-01 -1.622813e+00 1.622813e+00 1.634309e+00 1.634309e+00
4.773400e+00 4.519107e+00 5.042003e+00 9.470763e+01 -1.606008e-01 1.606008e-01 -1.314777e+00 1.314777e+00 1.324549e+00 1.324549e+00
5.316357e+00 5.042003e+00 5.605640e+00 7.786154e+01 -1.321652e-01 1.321652e-01 -1.049508e+00 1.049508e+00 1.057797e+00 1.057797e+00
5.904771e+00 5.605640e+00 6.219864e+00 6.358843e+01 -1.071231e-01 1.071231e-01 -8.361832e-01 8.361832e-01 8.430170e-01 8.430170e-01
6.543820e+00 6.219864e+00 6.884648e+00 5.164568e+01 -8.750263e-02 8.750263e-02 -6.739916e-01 6.739916e-01 6.796480e-01 6.796480e-01
7.233464e+00 6.884648e+00 7.599953e+00 4.179720e+01 -7.252077e-02 7.252077e-02 -5.425176e-01 5.425176e-01 5.473432e-01 5.473432e-01
7.978396e+00 7.599953e+00 8.375684e+00 3.380764e+01 -6.064397e-02 6.064397e-02 -4.315627e-01 4.315627e-01 4.358028e-01 4.358028e-01
8.783808e+00 8.375684e+00 9.211818e+00 2.730075e+01 -5.115254e-02 5.115254e-02 -3.410616e-01 3.410616e-01 3.448762e-01 3.448762e-01
9.649667e+00 9.211818e+00 1.010833e+01 2.196626e+01 -4.327849e-02 4.327849e-02 -2.806086e-01 2.806086e-01 2.839264e-01 2.839264e-01
1.059498e+01 1.010833e+01 1.110506e+01 1.762157e+01 -3.592082e-02 3.592082e-02 -2.204042e-01 2.204042e-01 2.233122e-01 2.233122e-01
1.159296e+01 1.110506e+01 1.210229e+01 1.416957e+01 -3.138564e-02 3.138564e-02 -1.802742e-01 1.802742e-01 1.829859e-01 1.829859e-01
1.263909e+01 1.210229e+01 1.319970e+01 1.145112e+01 -2.615653e-02 2.615653e-02 -1.501234e-01 1.501234e-01 1.523850e-01 1.523850e-01
1.378550e+01 1.319970e+01 1.439730e+01 9.251403e+00 -2.185670e-02 2.185670e-02 -1.180799e-01 1.180799e-01 1.200857e-01 1.200857e-01
1.503219e+01 1.439730e+01 1.569509e+01 7.427203e+00 -1.819420e-02 1.819420e-02 -9.504511e-02 9.504511e-02 9.677087e-02 9.677087e-02
1.637917e+01 1.569509e+01 1.709306e+01 5.989317e+00 -1.507401e-02 1.507401e-02 -7.701747e-02 7.701747e-02 7.847876e-02 7.847876e-02
1.782640e+01 1.709306e+01 1.859121e+01 4.847656e+00 -1.239988e-02 1.239988e-02 -6.200437e-02 6.200437e-02 6.323210e-02 6.323210e-02
1.937390e+01 1.859121e+01 2.018953e+01 3.907881e+00 -1.030404e-02 1.030404e-02 -5.000083e-02 5.000083e-02 5.105151e-02 5.105151e-02
2.102162e+01 2.018953e+01 2.188800e+01 3.146138e+00 -8.666849e-03 8.666849e-03 -4.099350e-02 4.099350e-02 4.189966e-02 4.189966e-02
2.281753e+01 2.188800e+01 2.378654e+01 2.546907e+00 -7.152653e-03 7.152653e-03 -3.298839e-02 3.298839e-02 3.375492e-02 3.375492e-02
2.476573e+01 2.378654e+01 2.578523e+01 2.049524e+00 -6.080176e-03 6.080176e-03 -2.599144e-02 2.599144e-02 2.669314e-02 2.669314e-02
2.681411e+01 2.578523e+01 2.788404e+01 1.667678e+00 -5.258197e-03 5.258197e-03 -2.099243e-02 2.099243e-02 2.164095e-02 2.164095e-02
2.901073e+01 2.788404e+01 3.018293e+01 1.348146e+00 -4.506835e-03 4.506835e-03 -1.699400e-02 1.699400e-02 1.758146e-02 1.758146e-02
3.135950e+01 3.018293e+01 3.258193e+01 1.092445e+00 -3.967389e-03 3.967389e-03 -1.399452e-02 1.399452e-02 1.454602e-02 1.454602e-02
3.385654e+01 3.258193e+01 3.518100e+01 8.857845e-01 -3.428795e-03 3.428795e-03 -1.149448e-02 1.149448e-02 1.199499e-02 1.199499e-02
3.655379e+01 3.518100e+01 3.798014e+01 7.162836e-01 -2.968275e-03 2.968275e-03 -9.295723e-03 9.295723e-03 9.758131e-03 9.758131e-03
3.945125e+01 3.798014e+01 4.097934e+01 5.823884e-01 -2.583066e-03 2.583066e-03 -7.596332e-03 7.596332e-03 8.023496e-03 8.023496e-03
4.254892e+01 4.097934e+01 4.417861e+01 4.787189e-01 -2.264972e-03 2.264972e-03 -6.197074e-03 6.197074e-03 6.598017e-03 6.598017e-03
4.584678e+01 4.417861e+01 4.757793e+01 3.858231e-01 -1.970179e-03 1.970179e-03 -5.097606e-03 5.097606e-03 5.465088e-03 5.465088e-03
4.939300e+01 4.757793e+01 5.127730e+01 3.156393e-01 -1.705785e-03 1.705785e-03 -4.197749e-03 4.197749e-03 4.531092e-03 4.531092e-03
