8.8069e-02 8.1827e+02 3.6868e+02 1.1633e+03 7.0429e+02 4.9482e+02 5.9961e+01 3.0042e+02 9.0619e+02 8.5316e+02 6.0031e+02 7.3636e+02 1.0357e+03 1.3186e+03 4.4136e+02 5.1994e+02 5.3289e+02 5.1497e+02 4.8467e+02 5.2911e+02 6.1373e+02 5.5743e+02 5.0373e+02 3.4269e+02 4.6276e+02 4.9949e+02 4.3266e+02 3.2390e+02 2.9790e+02 3.3894e+02 3.1956e+02 3.4590e+02 3.5318e+02 3.9574e+02 4.1975e+02 3.5005e+02 3.4591e+02 2.6188e+02 2.4323e+02 2.6103e+02 2.6641e+02 2.6059e+02 2.8707e+02
9.7121e-02 8.8187e+02 4.0184e+02 1.2458e+03 7.6087e+02 5.3732e+02 6.6379e+01 3.2821e+02 9.7493e+02 9.1883e+02 6.5010e+02 7.9496e+02 1.1116e+03 1.4086e+03 4.7999e+02 5.6421e+02 5.7808e+02 5.5890e+02 5.2645e+02 5.7403e+02 6.6442e+02 6.0431e+02 5.4686e+02 3.7384e+02 5.0295e+02 5.4232e+02 4.7064e+02 3.5357e+02 3.2549e+02 3.6979e+02 3.4888e+02 3.7729e+02 3.8515e+02 4.3096e+02 4.5677e+02 3.8177e+02 3.7730e+02 2.8653e+02 2.6632e+02 2.8560e+02 2.9143e+02 2.8513e+02 3.1378e+02
1.0710e-01 9.4671e+02 4.3665e+02 1.3284e+03 8.1894e+02 5.8153e+02 7.3367e+01 3.5756e+02 1.0447e+03 9.8564e+02 7.0153e+02 8.5498e+02 1.1881e+03 1.4981e+03 5.2033e+02 6.1019e+02 6.2495e+02 6.0453e+02 5.6993e+02 6.2064e+02 7.1673e+02 6.5287e+02 5.9170e+02 4.0661e+02 5.4485e+02 5.8686e+02 5.1033e+02 3.8483e+02 3.5463e+02 4.0226e+02 3.7979e+02 4.1032e+02 4.1875e+02 4.6787e+02 4.9550e+02 4.1512e+02 4.1033e+02 3.1264e+02 2.9084e+02 3.1165e+02 3.1793e+02 3.1114e+02 3.4202e+02
1.1811e-01 1.0123e+03 4.7302e+02 1.4104e+03 8.7810e+02 6.2722e+02 8.0955e+01 3.8840e+02 1.1149e+03 1.0531e+03 7.5429e+02 9.1601e+02 1.2646e+03 1.5862e+03 5.6219e+02 6.5762e+02 6.7327e+02 6.5162e+02 6.1491e+02 6.6870e+02 7.7035e+02 7.0283e+02 6.3801e+02 4.4091e+02 5.8827e+02 6.3288e+02 5.5156e+02 4.1761e+02 3.8525e+02 4.3626e+02 4.1222e+02 4.4488e+02 4.5389e+02 5.0632e+02 5.3577e+02 4.5001e+02 4.4489e+02 3.4020e+02 3.1675e+02 3.3913e+02 3.4588e+02 3.3858e+02 3.7174e+02
1.3025e-01 1.0775e+03 5.1051e+02 1.4900e+03 9.3735e+02 6.7378e+02 8.9151e+01 4.2044e+02 1.1842e+03 1.1199e+03 8.0757e+02 9.7699e+02 1.3394e+03 1.6709e+03 6.0506e+02 7.0584e+02 7.2233e+02 6.9951e+02 6.6078e+02 7.1752e+02 8.2443e+02 7.5346e+02 6.8516e+02 4.7638e+02 6.3264e+02 6.7975e+02 5.9380e+02 4.5158e+02 4.1708e+02 4.7143e+02 4.4583e+02 4.8060e+02 4.9018e+02 5.4586e+02 5.7708e+02 4.8606e+02 4.8061e+02 3.6895e+02 3.4386e+02 3.6780e+02 3.7502e+02 3.6722e+02 4.0266e+02
1.4364e-01 1.1416e+03 5.4891e+02 1.5664e+03 9.9617e+02 7.2085e+02 9.7972e+01 4.5351e+02 1.2519e+03 1.1855e+03 8.6092e+02 1.0374e+03 1.4118e+03 1.7513e+03 6.4862e+02 7.5448e+02 7.7176e+02 7.4785e+02 7.0720e+02 7.6672e+02 8.7853e+02 8.0435e+02 7.3280e+02 5.1281e+02 6.7763e+02 7.2712e+02 6.3677e+02 4.8653e+02 4.4994e+02 5.0757e+02 4.8044e+02 5.1727e+02 5.2741e+02 5.8624e+02 6.1915e+02 5.2305e+02 5.1728e+02 3.9877e+02 3.7204e+02 3.9755e+02 4.0523e+02 3.9693e+02 4.3462e+02
1.5840e-01 1.2034e+03 5.8774e+02 1.6380e+03 1.0536e+03 7.6775e+02 1.0741e+02 4.8724e+02 1.3167e+03 1.2486e+03 9.1350e+02 1.0961e+03 1.4804e+03 1.8257e+03 6.9229e+02 8.0282e+02 8.2082e+02 7.9590e+02 7.5351e+02 8.1556e+02 9.3177e+02 8.5473e+02 7.8021e+02 5.4976e+02 7.2263e+02 7.7429e+02 6.7989e+02 5.2209e+02 4.8348e+02 5.4425e+02 5.1567e+02 5.5447e+02 5.6513e+02 6.2694e+02 6.6144e+02 5.6055e+02 5.5448e+02 4.2937e+02 4.0104e+02 4.2808e+02 4.3621e+02 4.2742e+02 4.6730e+02
1.7468e-01 1.2618e+03 6.2641e+02 1.7031e+03 1.1084e+03 8.1369e+02 1.1744e+02 5.2120e+02 1.3774e+03 1.3080e+03 9.6434e+02 1.1520e+03 1.5436e+03 1.8922e+03 7.3536e+02 8.5001e+02 8.6863e+02 8.4285e+02 7.9893e+02 8.6320e+02 9.8317e+02 9.0369e+02 8.2660e+02 5.8672e+02 7.6688e+02 8.2047e+02 7.2247e+02 5.5774e+02 5.1725e+02 5.8095e+02 5.5101e+02 5.9164e+02 6.0280e+02 6.6732e+02 7.0327e+02 5.9800e+02 5.9165e+02 4.6036e+02 4.3051e+02 4.5900e+02 4.6756e+02 4.5830e+02 5.0025e+02
1.9263e-01 1.3159e+03 6.6450e+02 1.7608e+03 1.1599e+03 8.5807e+02 1.2804e+02 5.5502e+02 1.4329e+03 1.3627e+03 1.0128e+03 1.2043e+03 1.6006e+03 1.9500e+03 7.7729e+02 8.9544e+02 9.1459e+02 8.8808e+02 8.4287e+02 9.0900e+02 1.0320e+03 9.5059e+02 8.7137e+02 6.2326e+02 8.0983e+02 8.6505e+02 7.6397e+02 5.9311e+02 5.5090e+02 6.1726e+02 5.8610e+02 6.2837e+02 6.3997e+02 7.0691e+02 7.4412e+02 6.3498e+02 6.2838e+02 4.9144e+02 4.6016e+02 4.9001e+02 4.9898e+02 4.8928e+02 5.3315e+02
2.1243e-01 1.3642e+03 7.0124e+02 1.8094e+03 1.2068e+03 8.9993e+02 1.3914e+02 5.8808e+02 1.4818e+03 1.4113e+03 1.0576e+03 1.2517e+03 1.6497e+03 1.9972e+03 8.1722e+02 9.3811e+02 9.5765e+02 9.3060e+02 8.8439e+02 9.5195e+02 1.0772e+03 9.9435e+02 9.1352e+02 6.5869e+02 8.5057e+02 9.0707e+02 8.0355e+02 6.2752e+02 5.8381e+02 6.5249e+02 6.2027e+02 6.6397e+02 6.7594e+02 7.4492e+02 7.8317e+02 6.7079e+02 6.6398e+02 5.2207e+02 4.8951e+02 5.2059e+02 5.2991e+02 5.1983e+02 5.6540e+02
2.3426e-01 1.4057e+03 7.3591e+02 1.8476e+03 1.2480e+03 9.3838e+02 1.5066e+02 6.1978e+02 1.5229e+03 1.4526e+03 1.0979e+03 1.2931e+03 1.6897e+03 2.0326e+03 8.5430e+02 9.7709e+02 9.9688e+02 9.6947e+02 9.2259e+02 9.9111e+02 1.1177e+03 1.0340e+03 9.5216e+02 6.9232e+02 8.8823e+02 9.4561e+02 8.4038e+02 6.6033e+02 6.1539e+02 6.8596e+02 6.5288e+02 6.9773e+02 7.1000e+02 7.8057e+02 8.1960e+02 7.0473e+02 6.9774e+02 5.5172e+02 5.1805e+02 5.5019e+02 5.5982e+02 5.4941e+02 5.9643e+02
2.5834e-01 1.4394e+03 7.6792e+02 1.8748e+03 1.2828e+03 9.7270e+02 1.6249e+02 6.4960e+02 1.5554e+03 1.4859e+03 1.1329e+03 1.3276e+03 1.7198e+03 2.0555e+03 8.8787e+02 1.0117e+03 1.0315e+03 1.0040e+03 9.5680e+02 1.0258e+03 1.1526e+03 1.0688e+03 9.8658e+02 7.2359e+02 9.2215e+02 9.7998e+02 8.7380e+02 6.9099e+02 6.4511e+02 7.1711e+02 6.8339e+02 7.2910e+02 7.4158e+02 8.1325e+02 8.5279e+02 7.3622e+02 7.2911e+02 5.7992e+02 5.4536e+02 5.7835e+02 5.8823e+02 5.7755e+02 6.2572e+02
2.8489e-01 1.4645e+03 7.9654e+02 1.8899e+03 1.3101e+03 1.0021e+03 1.7451e+02 6.7690e+02 1.5784e+03 1.5102e+03 1.1616e+03 1.3544e+03 1.7390e+03 2.0651e+03 9.1715e+02 1.0410e+03 1.0608e+03 1.0333e+03 9.8617e+02 1.0550e+03 1.1812e+03 1.0979e+03 1.0159e+03 7.5179e+02 9.5149e+02 1.0093e+03 9.0303e+02 7.1884e+02 6.7234e+02 7.4525e+02 7.1114e+02 7.5736e+02 7.6997e+02 8.4219e+02 8.8194e+02 7.6455e+02 7.5738e+02 6.0609e+02 5.7086e+02 6.0450e+02 6.1454e+02 6.0368e+02 6.5266e+02
3.1417e-01 1.4799e+03 8.2090e+02 1.8922e+03 1.3290e+03 1.0255e+03 1.8652e+02 7.0090e+02 1.5908e+03 1.5244e+03 1.1831e+03 1.3724e+03 1.7465e+03 2.0606e+03 9.4119e+02 1.0640e+03 1.0836e+03 1.0564e+03 1.0097e+03 1.0779e+03 1.2025e+03 1.1203e+03 1.0392e+03 7.7610e+02 9.7532e+02 1.0327e+03 9.2714e+02 7.4304e+02 6.9631e+02 7.6955e+02 7.3532e+02 7.8169e+02 7.9431e+02 8.6651e+02 9.0614e+02 7.8889e+02 7.8170e+02 6.2951e+02 5.9389e+02 6.2790e+02 6.3805e+02 6.2707e+02 6.7649e+02
3.4646e-01 1.4853e+03 8.4048e+02 1.8815e+03 1.3391e+03 1.0425e+03 1.9836e+02 7.2108e+02 1.5923e+03 1.5283e+03 1.1969e+03 1.3811e+03 1.7421e+03 2.0421e+03 9.5946e+02 1.0803e+03 1.0995e+03 1.0729e+03 1.0270e+03 1.0939e+03 1.2158e+03 1.1355e+03 1.0560e+03 7.9599e+02 9.9310e+02 1.0496e+03 9.4560e+02 7.6310e+02 7.1651e+02 7.8947e+02 7.5541e+02 8.0154e+02 8.1409e+02 8.8567e+02 9.2486e+02 8.0870e+02 8.0155e+02 6.4970e+02 6.1395e+02 6.4808e+02 6.5825e+02 6.4725e+02 6.9671e+02
3.8207e-01 1.4804e+03 8.5474e+02 1.8580e+03 1.3399e+03 1.0525e+03 2.0981e+02 7.3693e+02 1.5829e+03 1.5217e+03 1.2025e+03 1.3804e+03 1.7256e+03 2.0099e+03 9.7143e+02 1.0893e+03 1.1080e+03 1.0821e+03 1.0374e+03 1.1026e+03 1.2208e+03 1.1430e+03 1.0656e+03 8.1093e+02 1.0043e+03 1.0594e+03 9.5787e+02 7.7847e+02 7.3240e+02 8.0450e+02 7.7087e+02 8.1640e+02 8.2876e+02 8.9913e+02 9.3756e+02 8.2345e+02 8.1641e+02 6.6613e+02 6.3056e+02 6.6452e+02 6.7462e+02 6.6369e+02 7.1279e+02
4.2134e-01 1.4652e+03 8.6320e+02 1.8219e+03 1.3312e+03 1.0551e+03 2.2065e+02 7.4795e+02 1.5624e+03 1.5043e+03 1.1997e+03 1.3699e+03 1.6973e+03 1.9643e+03 9.7668e+02 1.0907e+03 1.1088e+03 1.0837e+03 1.0405e+03 1.1035e+03 1.2172e+03 1.1424e+03 1.0678e+03 8.2042e+02 1.0085e+03 1.0618e+03 9.6353e+02 7.8867e+02 7.4350e+02 8.1414e+02 7.8123e+02 8.2577e+02 8.3785e+02 9.0645e+02 9.4381e+02 8.3266e+02 8.2578e+02 6.7832e+02 6.4324e+02 6.7673e+02 6.8669e+02 6.7592e+02 7.2424e+02
4.6465e-01 1.4396e+03 8.6552e+02 1.7739e+03 1.3131e+03 1.0502e+03 2.3064e+02 7.5376e+02 1.5311e+03 1.4765e+03 1.1882e+03 1.3497e+03 1.6576e+03 1.9062e+03 9.7492e+02 1.0842e+03 1.1015e+03 1.0776e+03 1.0362e+03 1.0965e+03 1.2049e+03 1.1336e+03 1.0624e+03 8.2412e+02 1.0055e+03 1.0566e+03 9.6227e+02 7.9333e+02 7.4943e+02 8.1803e+02 7.8610e+02 8.2930e+02 8.4100e+02 9.0729e+02 9.4329e+02 8.3597e+02 8.2931e+02 6.8588e+02 6.5156e+02 6.8433e+02 6.9405e+02 6.8353e+02 7.3068e+02
5.1240e-01 1.4043e+03 8.6151e+02 1.7148e+03 1.2858e+03 1.0376e+03 2.3952e+02 7.5409e+02 1.4896e+03 1.4387e+03 1.1683e+03 1.3201e+03 1.6071e+03 1.8367e+03 9.6604e+02 1.0699e+03 1.0863e+03 1.0636e+03 1.0244e+03 1.0815e+03 1.1840e+03 1.1167e+03 1.0492e+03 8.2180e+02 9.9518e+02 1.0437e+03 9.5398e+02 7.9220e+02 7.4992e+02 8.1595e+02 7.8525e+02 8.2678e+02 8.3800e+02 9.0149e+02 9.3588e+02 8.3318e+02 8.2679e+02 6.8850e+02 6.5523e+02 6.8700e+02 6.9641e+02 6.8623e+02 7.3182e+02
5.6507e-01 1.3598e+03 8.5115e+02 1.6457e+03 1.2498e+03 1.0176e+03 2.4706e+02 7.4883e+02 1.4387e+03 1.3917e+03 1.1402e+03 1.2817e+03 1.5469e+03 1.7571e+03 9.5013e+02 1.0480e+03 1.0634e+03 1.0421e+03 1.0051e+03 1.0589e+03 1.1549e+03 1.0919e+03 1.0285e+03 8.1340e+02 9.7763e+02 1.0233e+03 9.3874e+02 7.8520e+02 7.4484e+02 8.0783e+02 7.7857e+02 8.1813e+02 8.2881e+02 8.8907e+02 9.2163e+02 8.2423e+02 8.1814e+02 6.8601e+02 6.5405e+02 6.8457e+02 6.9360e+02 6.8383e+02 7.2753e+02
6.2314e-01 1.3070e+03 8.3457e+02 1.5680e+03 1.2058e+03 9.9050e+02 2.5304e+02 7.3798e+02 1.3793e+03 1.3363e+03 1.1044e+03 1.2352e+03 1.4782e+03 1.6690e+03 9.2746e+02 1.0188e+03 1.0331e+03 1.0133e+03 9.7884e+02 1.0289e+03 1.1181e+03 1.0596e+03 1.0006e+03 7.9901e+02 9.5317e+02 9.9583e+02 9.1680e+02 7.7239e+02 7.3421e+02 7.9376e+02 7.6613e+02 8.0347e+02 8.1353e+02 8.7022e+02 9.0076e+02 8.0922e+02 8.0348e+02 6.7838e+02 6.4795e+02 6.7701e+02 6.8560e+02 6.7631e+02 7.1780e+02
6.8719e-01 1.2470e+03 8.1208e+02 1.4832e+03 1.1547e+03 9.5682e+02 2.5727e+02 7.2174e+02 1.3127e+03 1.2736e+03 1.0618e+03 1.1816e+03 1.4022e+03 1.5740e+03 8.9845e+02 9.8295e+02 9.9614e+02 9.7785e+02 9.4603e+02 9.9231e+02 1.0743e+03 1.0206e+03 9.6618e+02 7.7888e+02 9.2229e+02 9.6174e+02 8.8856e+02 7.5399e+02 7.1819e+02 7.7397e+02 7.4812e+02 7.8305e+02 7.9245e+02 8.4528e+02 8.7368e+02 7.8842e+02 7.8306e+02 6.6569e+02 6.3700e+02 6.6440e+02 6.7249e+02 6.6374e+02 7.0279e+02
7.5782e-01 1.1810e+03 7.8412e+02 1.3929e+03 1.0975e+03 9.1725e+02 2.5960e+02 7.0039e+02 1.2401e+03 1.2049e+03 1.0131e+03 1.1218e+03 1.3204e+03 1.4737e+03 8.6371e+02 9.4116e+02 9.5322e+02 9.3650e+02 9.0737e+02 9.4972e+02 1.0245e+03 9.7555e+02 9.2582e+02 7.5341e+02 8.8559e+02 9.2175e+02 8.5461e+02 7.3034e+02 6.9710e+02 7.4886e+02 7.2490e+02 7.5727e+02 7.6597e+02 8.1477e+02 8.4092e+02 7.6224e+02 7.5728e+02 6.4819e+02 6.2137e+02 6.4698e+02 6.5453e+02 6.4637e+02 6.8276e+02
8.3571e-01 1.1101e+03 7.5126e+02 1.2986e+03 1.0353e+03 8.7260e+02 2.5992e+02 6.7438e+02 1.1629e+03 1.1315e+03 9.5934e+02 1.0572e+03 1.2344e+03 1.3700e+03 8.2392e+02 8.9429e+02 9.0521e+02 8.9005e+02 8.6363e+02 9.0203e+02 9.6962e+02 9.2541e+02 8.8037e+02 7.2312e+02 8.4384e+02 8.7669e+02 8.1564e+02 7.0193e+02 6.7135e+02 7.1895e+02 6.9693e+02 7.2666e+02 7.3463e+02 7.7929e+02 8.0316e+02 7.3121e+02 7.2667e+02 6.2620e+02 6.0138e+02 6.2509e+02 6.3207e+02 6.2452e+02 6.5814e+02
9.2160e-01 1.0358e+03 7.1418e+02 1.2020e+03 9.6930e+02 8.2375e+02 2.5818e+02 6.4424e+02 1.0825e+03 1.0547e+03 9.0153e+02 9.8875e+02 1.1455e+03 1.2645e+03 7.7991e+02 8.4324e+02 8.5304e+02 8.3944e+02 8.1568e+02 8.5020e+02 9.1073e+02 8.7116e+02 8.3074e+02 6.8863e+02 7.9786e+02 8.2743e+02 7.7243e+02 6.6936e+02 6.4147e+02 6.8483e+02 6.6480e+02 6.9184e+02 6.9909e+02 7.3957e+02 7.6116e+02 6.9598e+02 6.9185e+02 6.0020e+02 5.7743e+02 5.9918e+02 6.0557e+02 5.9865e+02 6.2941e+02
1.0163e+00 9.5924e+02 6.7363e+02 1.1046e+03 9.0074e+02 7.7168e+02 2.5436e+02 6.1060e+02 1.0003e+03 9.7591e+02 8.4081e+02 9.1788e+02 1.0554e+03 1.1589e+03 7.3254e+02 7.8903e+02 7.9775e+02 7.8565e+02 7.6449e+02 7.9522e+02 8.4895e+02 8.1386e+02 7.7790e+02 6.5064e+02 7.4859e+02 7.7495e+02 7.2586e+02 6.3327e+02 6.0809e+02 6.4722e+02 6.2916e+02 6.5354e+02 6.6006e+02 6.9642e+02 7.1577e+02 6.5726e+02 6.5354e+02 5.7070e+02 5.5002e+02 5.6978e+02 5.7558e+02 5.6930e+02 5.9718e+02
1.1208e+00 8.8189e+02 6.3043e+02 1.0079e+03 8.3081e+02 7.1738e+02 2.4852e+02 5.7414e+02 9.1757e+02 8.9640e+02 7.7828e+02 8.4580e+02 9.6537e+02 1.0547e+03 6.8276e+02 7.3270e+02 7.4039e+02 7.2972e+02 7.1103e+02 7.3816e+02 7.8543e+02 7.5458e+02 7.2288e+02 6.0994e+02 6.9697e+02 7.2028e+02 6.7684e+02 5.9443e+02 5.7190e+02 6.0689e+02 5.9075e+02 6.1252e+02 6.1834e+02 6.5071e+02 6.6789e+02 6.1585e+02 6.1253e+02 5.3834e+02 5.1973e+02 5.3751e+02 5.4273e+02 5.3708e+02 5.6212e+02
1.2360e+00 8.0474e+02 5.8537e+02 9.1302e+02 7.6056e+02 6.6177e+02 2.4079e+02 5.3558e+02 8.3551e+02 8.1726e+02 7.1492e+02 7.7354e+02 8.7660e+02 9.5300e+02 6.3142e+02 6.7517e+02 6.8188e+02 6.7256e+02 6.5621e+02 6.7993e+02 7.2115e+02 6.9426e+02 6.6658e+02 5.6728e+02 6.4389e+02 6.6430e+02 6.2622e+02 5.5356e+02 5.3359e+02 5.6458e+02 5.5030e+02 5.6956e+02 5.7470e+02 6.0324e+02 6.1836e+02 5.7250e+02 5.6957e+02 5.0376e+02 4.8717e+02 5.0302e+02 5.0766e+02 5.0264e+02 5.2490e+02
1.3630e+00 7.2906e+02 5.3933e+02 8.2136e+02 6.9115e+02 6.0585e+02 2.3132e+02 4.9568e+02 7.5537e+02 7.3977e+02 6.5184e+02 7.0231e+02 7.9040e+02 8.5524e+02 5.7949e+02 6.1747e+02 6.2329e+02 6.1521e+02 6.0103e+02 6.2160e+02 6.5722e+02 6.3400e+02 6.1002e+02 5.2349e+02 5.9033e+02 6.0805e+02 5.7496e+02 5.1147e+02 4.9393e+02 5.2113e+02 5.0861e+02 5.2550e+02 5.2999e+02 5.5494e+02 5.6812e+02 5.2807e+02 5.2550e+02 4.6766e+02 4.5301e+02 4.6701e+02 4.7110e+02 4.6667e+02 4.8629e+02
1.5031e+00 6.5565e+02 4.9303e+02 7.3366e+02 6.2342e+02 5.5043e+02 2.2033e+02 4.5512e+02 6.7796e+02 6.6474e+02 5.8986e+02 6.3292e+02 7.0757e+02 7.6213e+02 5.2773e+02 5.6040e+02 5.6540e+02 5.5846e+02 5.4628e+02 5.6395e+02 5.9446e+02 5.7458e+02 5.5401e+02 4.7930e+02 5.3707e+02 5.5231e+02 5.2383e+02 4.6885e+02 4.5360e+02 4.7725e+02 4.6637e+02 4.8103e+02 4.8494e+02 5.0653e+02 5.1792e+02 4.8326e+02 4.8104e+02 4.3068e+02 4.1786e+02 4.3011e+02 4.3368e+02 4.2981e+02 4.4694e+02
1.6576e+00 5.8544e+02 4.4724e+02 6.5083e+02 5.5826e+02 4.9633e+02 2.0805e+02 4.1462e+02 6.0419e+02 5.9309e+02 5.2985e+02 5.6628e+02 6.2902e+02 6.7456e+02 4.7696e+02 5.0482e+02 5.0907e+02 5.0317e+02 4.9279e+02 5.0784e+02 5.3375e+02 5.1688e+02 4.9938e+02 4.3544e+02 4.8493e+02 4.9793e+02 4.7362e+02 4.2645e+02 4.1330e+02 4.3368e+02 4.2432e+02 4.3694e+02 4.4029e+02 4.5882e+02 4.6857e+02 4.3885e+02 4.3694e+02 3.9349e+02 3.8238e+02 3.9299e+02 3.9609e+02 3.9274e+02 4.0755e+02
1.8279e+00 5.1889e+02 4.0252e+02 5.7323e+02 4.9617e+02 4.4411e+02 1.9475e+02 3.7471e+02 5.3452e+02 5.2527e+02 4.7235e+02 5.0288e+02 5.5516e+02 5.9285e+02 4.2774e+02 4.5128e+02 4.5486e+02 4.4988e+02 4.4112e+02 4.5382e+02 4.7562e+02 4.6144e+02 4.4669e+02 3.9248e+02 4.3448e+02 4.4547e+02 4.2491e+02 3.8482e+02 3.7358e+02 3.9098e+02 3.8299e+02 3.9375e+02 3.9661e+02 4.1236e+02 4.2063e+02 3.9538e+02 3.9375e+02 3.5662e+02 3.4708e+02 3.5620e+02 3.5885e+02 3.5598e+02 3.6867e+02
2.0158e+00 4.5680e+02 3.5958e+02 5.0162e+02 4.3796e+02 3.9453e+02 1.8073e+02 3.3608e+02 4.6972e+02 4.6208e+02 4.1813e+02 4.4353e+02 4.8675e+02 5.1771e+02 3.8080e+02 4.0053e+02 4.0353e+02 3.9937e+02 3.9203e+02 4.0266e+02 4.2085e+02 4.0902e+02 3.9669e+02 3.5111e+02 3.8647e+02 3.9567e+02 3.7843e+02 3.4464e+02 3.3513e+02 3.4984e+02 3.4309e+02 3.5219e+02 3.5460e+02 3.6788e+02 3.7483e+02 3.5356e+02 3.5219e+02 3.2073e+02 3.1261e+02 3.2037e+02 3.2263e+02 3.2018e+02 3.3096e+02
2.2230e+00 3.9925e+02 3.1876e+02 4.3590e+02 3.8376e+02 3.4786e+02 1.6626e+02 2.9907e+02 4.0985e+02 4.0358e+02 3.6740e+02 3.8834e+02 4.2377e+02 4.4900e+02 3.3645e+02 3.5283e+02 3.5532e+02 3.5187e+02 3.4578e+02 3.5460e+02 3.6965e+02 3.5987e+02 3.4965e+02 3.1167e+02 3.4116e+02 3.4880e+02 3.3447e+02 3.0625e+02 2.9827e+02 3.1061e+02 3.0496e+02 3.1257e+02 3.1459e+02 3.2568e+02 3.3148e+02 3.1373e+02 3.1257e+02 2.8617e+02 2.7933e+02 2.8586e+02 2.8777e+02 2.8571e+02 2.9477e+02
2.4515e+00 3.4648e+02 2.8042e+02 3.7621e+02 3.3385e+02 3.0443e+02 1.5161e+02 2.6408e+02 3.5510e+02 3.5001e+02 3.2047e+02 3.3760e+02 3.6640e+02 3.8679e+02 2.9503e+02 3.0852e+02 3.1056e+02 3.0773e+02 3.0272e+02 3.0997e+02 3.2232e+02 3.1430e+02 3.0590e+02 2.7455e+02 2.9892e+02 3.0521e+02 2.9341e+02 2.7005e+02 2.6342e+02 2.7367e+02 2.6897e+02 2.7529e+02 2.7696e+02 2.8614e+02 2.9093e+02 2.7625e+02 2.7529e+02 2.5333e+02 2.4762e+02 2.5308e+02 2.5466e+02 2.5295e+02 2.6050e+02
2.7034e+00 2.9860e+02 2.4483e+02 3.2253e+02 2.8839e+02 2.6448e+02 1.3706e+02 2.3140e+02 3.0555e+02 3.0145e+02 2.7754e+02 2.9142e+02 3.1464e+02 3.3100e+02 2.5681e+02 2.6782e+02 2.6948e+02 2.6717e+02 2.6309e+02 2.6900e+02 2.7904e+02 2.7252e+02 2.6568e+02 2.4001e+02 2.5998e+02 2.6511e+02 2.5547e+02 2.3631e+02 2.3085e+02 2.3929e+02 2.3543e+02 2.4062e+02 2.4200e+02 2.4953e+02 2.5345e+02 2.4141e+02 2.4063e+02 2.2252e+02 2.1780e+02 2.2231e+02 2.2362e+02 2.2221e+02 2.2845e+02
2.9813e+00 2.5558e+02 2.1218e+02 2.7468e+02 2.4739e+02 2.2812e+02 1.2284e+02 2.0123e+02 2.6114e+02 2.5786e+02 2.3866e+02 2.4982e+02 2.6840e+02 2.8141e+02 2.2191e+02 2.3082e+02 2.3216e+02 2.3029e+02 2.2699e+02 2.3177e+02 2.3987e+02 2.3461e+02 2.2909e+02 2.0826e+02 2.2448e+02 2.2863e+02 2.2083e+02 2.0524e+02 2.0078e+02 2.0767e+02 2.0452e+02 2.0876e+02 2.0987e+02 2.1600e+02 2.1918e+02 2.0940e+02 2.0876e+02 1.9397e+02 1.9009e+02 1.9380e+02 1.9487e+02 1.9371e+02 1.9882e+02
3.2877e+00 2.1729e+02 1.8255e+02 2.3243e+02 2.1077e+02 1.9537e+02 1.0914e+02 1.7370e+02 2.2171e+02 2.1910e+02 2.0381e+02 2.1271e+02 2.2746e+02 2.3774e+02 1.9038e+02 1.9753e+02 1.9861e+02 1.9711e+02 1.9446e+02 1.9829e+02 2.0477e+02 2.0057e+02 1.9615e+02 1.7938e+02 1.9244e+02 1.9578e+02 1.8951e+02 1.7694e+02 1.7333e+02 1.7890e+02 1.7636e+02 1.7978e+02 1.8069e+02 1.8563e+02 1.8819e+02 1.8030e+02 1.7978e+02 1.6781e+02 1.6466e+02 1.6767e+02 1.6854e+02 1.6760e+02 1.7174e+02
3.6256e+00 1.8349e+02 1.5590e+02 1.9539e+02 1.7835e+02 1.6613e+02 9.6150e+01 1.4881e+02 1.8697e+02 1.8492e+02 1.7283e+02 1.7988e+02 1.9149e+02 1.9955e+02 1.6216e+02 1.6785e+02 1.6870e+02 1.6752e+02 1.6541e+02 1.6846e+02 1.7360e+02 1.7026e+02 1.6675e+02 1.5337e+02 1.6380e+02 1.6646e+02 1.6146e+02 1.5141e+02 1.4852e+02 1.5299e+02 1.5095e+02 1.5369e+02 1.5441e+02 1.5836e+02 1.6041e+02 1.5411e+02 1.5369e+02 1.4407e+02 1.4154e+02 1.4396e+02 1.4466e+02 1.4391e+02 1.4724e+02
3.9982e+00 1.5394e+02 1.3220e+02 1.6322e+02 1.4990e+02 1.4029e+02 8.3990e+01 1.2657e+02 1.5666e+02 1.5505e+02 1.4557e+02 1.5111e+02 1.6019e+02 1.6645e+02 1.3716e+02 1.4165e+02 1.4232e+02 1.4139e+02 1.3973e+02 1.4213e+02 1.4617e+02 1.4355e+02 1.4078e+02 1.3019e+02 1.3846e+02 1.4055e+02 1.3661e+02 1.2864e+02 1.2633e+02 1.2989e+02 1.2827e+02 1.3045e+02 1.3102e+02 1.3415e+02 1.3578e+02 1.3078e+02 1.3045e+02 1.2279e+02 1.2076e+02 1.2270e+02 1.2326e+02 1.2266e+02 1.2532e+02
4.4091e+00 1.2830e+02 1.1131e+02 1.3549e+02 1.2516e+02 1.1766e+02 7.2753e+01 1.0687e+02 1.3041e+02 1.2916e+02 1.2179e+02 1.2610e+02 1.3314e+02 1.3798e+02 1.1520e+02 1.1872e+02 1.1925e+02 1.1851e+02 1.1721e+02 1.1909e+02 1.2225e+02 1.2021e+02 1.1804e+02 1.0973e+02 1.1622e+02 1.1786e+02 1.1477e+02 1.0850e+02 1.0668e+02 1.0949e+02 1.0821e+02 1.0993e+02 1.1038e+02 1.1284e+02 1.1412e+02 1.1019e+02 1.0993e+02 1.0388e+02 1.0228e+02 1.0381e+02 1.0426e+02 1.0378e+02 1.0588e+02
4.8623e+00 1.0623e+02 9.3058e+01 1.1175e+02 1.0381e+02 9.7999e+01 6.2494e+01 8.9585e+01 1.0785e+02 1.0689e+02 1.0120e+02 1.0453e+02 1.0995e+02 1.1367e+02 9.6088e+01 9.8822e+01 9.9231e+01 9.8663e+01 9.7653e+01 9.9112e+01 1.0156e+02 9.9976e+01 9.8296e+01 9.1821e+01 9.6880e+01 9.8155e+01 9.5754e+01 9.0864e+01 8.9442e+01 9.1634e+01 9.0635e+01 9.1979e+01 9.2332e+01 9.4253e+01 9.5245e+01 9.2180e+01 9.1979e+01 8.7247e+01 8.5986e+01 8.7191e+01 8.7539e+01 8.7163e+01 8.8812e+01
5.3620e+00 8.7378e+01 7.7248e+01 9.1595e+01 8.5526e+01 8.1063e+01 5.3238e+01 7.4557e+01 8.8620e+01 8.7888e+01 8.3523e+01 8.6079e+01 9.0223e+01 9.3050e+01 7.9589e+01 8.1697e+01 8.2011e+01 8.1574e+01 8.0796e+01 8.1920e+01 8.3802e+01 8.2584e+01 8.1291e+01 7.6290e+01 8.0201e+01 8.1183e+01 7.9331e+01 7.5549e+01 7.4446e+01 7.6146e+01 7.5371e+01 7.6413e+01 7.6686e+01 7.8173e+01 7.8939e+01 7.6569e+01 7.6413e+01 7.2740e+01 7.1758e+01 7.2696e+01 7.2967e+01 7.2674e+01 7.3956e+01
5.9131e+00 7.1399e+01 6.3670e+01 7.4592e+01 6.9993e+01 6.6591e+01 4.4979e+01 6.1602e+01 7.2341e+01 7.1786e+01 6.8468e+01 7.0413e+01 7.3555e+01 7.5690e+01 6.5464e+01 6.7075e+01 6.7315e+01 6.6981e+01 6.6387e+01 6.7245e+01 6.8681e+01 6.7752e+01 6.6765e+01 6.2935e+01 6.5932e+01 6.6683e+01 6.5267e+01 6.2365e+01 6.1517e+01 6.2824e+01 6.2229e+01 6.3029e+01 6.3239e+01 6.4379e+01 6.4966e+01 6.3149e+01 6.3029e+01 6.0202e+01 5.9445e+01 6.0169e+01 6.0377e+01 6.0152e+01 6.1140e+01
6.5209e+00 5.8000e+01 5.2146e+01 6.0402e+01 5.6939e+01 5.4365e+01 3.7713e+01 5.0569e+01 5.8710e+01 5.8292e+01 5.5787e+01 5.7257e+01 5.9623e+01 6.1226e+01 5.3510e+01 5.4732e+01 5.4914e+01 5.4661e+01 5.4211e+01 5.4861e+01 5.5948e+01 5.5245e+01 5.4498e+01 5.1585e+01 5.3865e+01 5.4435e+01 5.3360e+01 5.1151e+01 5.0503e+01 5.1501e+01 5.1047e+01 5.1657e+01 5.1817e+01 5.2685e+01 5.3131e+01 5.1748e+01 5.1657e+01 4.9498e+01 4.8918e+01 4.9473e+01 4.9632e+01 4.9460e+01 5.0215e+01
7.1911e+00 4.6828e+01 4.2428e+01 4.8621e+01 4.6034e+01 4.4101e+01 3.1379e+01 4.1235e+01 4.7359e+01 4.7046e+01 4.5170e+01 4.6272e+01 4.8040e+01 4.9234e+01 4.3457e+01 4.4377e+01 4.4514e+01 4.4324e+01 4.3985e+01 4.4475e+01 4.5291e+01 4.4763e+01 4.4201e+01 4.2005e+01 4.3725e+01 4.4154e+01 4.3344e+01 4.1676e+01 4.1185e+01 4.1940e+01 4.1597e+01 4.2059e+01 4.2179e+01 4.2835e+01 4.3172e+01 4.2128e+01 4.2059e+01 4.0423e+01 3.9983e+01 4.0404e+01 4.0525e+01 4.0394e+01 4.0967e+01
7.9302e+00 3.7575e+01 3.4294e+01 3.8902e+01 3.6985e+01 3.5545e+01 2.5911e+01 3.3399e+01 3.7968e+01 3.7736e+01 3.6342e+01 3.7161e+01 3.8473e+01 3.9356e+01 3.5064e+01 3.5751e+01 3.5853e+01 3.5711e+01 3.5458e+01 3.5824e+01 3.6432e+01 3.6039e+01 3.5619e+01 3.3977e+01 3.5264e+01 3.5584e+01 3.4980e+01 3.3730e+01 3.3362e+01 3.3929e+01 3.3671e+01 3.4017e+01 3.4108e+01 3.4599e+01 3.4851e+01 3.4069e+01 3.4017e+01 3.2789e+01 3.2458e+01 3.2774e+01 3.2866e+01 3.2767e+01 3.3198e+01
8.7452e+00 3.0008e+01 2.7576e+01 3.0987e+01 2.9573e+01 2.8506e+01 2.1258e+01 2.6909e+01 3.0299e+01 3.0128e+01 2.9097e+01 2.9703e+01 3.0671e+01 3.1320e+01 2.8149e+01 2.8659e+01 2.8735e+01 2.8630e+01 2.8442e+01 2.8713e+01 2.9164e+01 2.8873e+01 2.8562e+01 2.7340e+01 2.8298e+01 2.8536e+01 2.8087e+01 2.7156e+01 2.6882e+01 2.7304e+01 2.7112e+01 2.7370e+01 2.7438e+01 2.7804e+01 2.7991e+01 2.7409e+01 2.7370e+01 2.6454e+01 2.6206e+01 2.6443e+01 2.6511e+01 2.6437e+01 2.6759e+01
9.6441e+00 2.3825e+01 2.2037e+01 2.4541e+01 2.3506e+01 2.2723e+01 1.7315e+01 2.1544e+01 2.4038e+01 2.3913e+01 2.3157e+01 2.3602e+01 2.4310e+01 2.4784e+01 2.2460e+01 2.2835e+01 2.2891e+01 2.2813e+01 2.2675e+01 2.2875e+01 2.3206e+01 2.2992e+01 2.2763e+01 2.1862e+01 2.2569e+01 2.2744e+01 2.2413e+01 2.1726e+01 2.1523e+01 2.1836e+01 2.1694e+01 2.1885e+01 2.1934e+01 2.2204e+01 2.2343e+01 2.1913e+01 2.1885e+01 2.1206e+01 2.1022e+01 2.1198e+01 2.1248e+01 2.1194e+01 2.1432e+01
1.0635e+01 1.8837e+01 1.7529e+01 1.9358e+01 1.8605e+01 1.8032e+01 1.4022e+01 1.7166e+01 1.8992e+01 1.8901e+01 1.8350e+01 1.8674e+01 1.9190e+01 1.9534e+01 1.7839e+01 1.8114e+01 1.8155e+01 1.8098e+01 1.7997e+01 1.8143e+01 1.8385e+01 1.8229e+01 1.8062e+01 1.7401e+01 1.7919e+01 1.8048e+01 1.7805e+01 1.7301e+01 1.7151e+01 1.7381e+01 1.7277e+01 1.7417e+01 1.7454e+01 1.7652e+01 1.7753e+01 1.7438e+01 1.7417e+01 1.6917e+01 1.6782e+01 1.6911e+01 1.6949e+01 1.6908e+01 1.7084e+01
1.1728e+01 1.4815e+01 1.3864e+01 1.5191e+01 1.4646e+01 1.4230e+01 1.1281e+01 1.3600e+01 1.4927e+01 1.4861e+01 1.4461e+01 1.4697e+01 1.5070e+01 1.5318e+01 1.4090e+01 1.4290e+01 1.4320e+01 1.4279e+01 1.4205e+01 1.4311e+01 1.4487e+01 1.4374e+01 1.4252e+01 1.3771e+01 1.4149e+01 1.4242e+01 1.4066e+01 1.3698e+01 1.3589e+01 1.3757e+01 1.3680e+01 1.3783e+01 1.3809e+01 1.3954e+01 1.4028e+01 1.3798e+01 1.3783e+01 1.3418e+01 1.3318e+01 1.3413e+01 1.3441e+01 1.3411e+01 1.3540e+01
1.2934e+01 1.1612e+01 1.0925e+01 1.1883e+01 1.1490e+01 1.1190e+01 9.0305e+00 1.0732e+01 1.1693e+01 1.1645e+01 1.1357e+01 1.1527e+01 1.1796e+01 1.1974e+01 1.1088e+01 1.1233e+01 1.1255e+01 1.1225e+01 1.1172e+01 1.1248e+01 1.1376e+01 1.1294e+01 1.1206e+01 1.0857e+01 1.1131e+01 1.1198e+01 1.1070e+01 1.0804e+01 1.0724e+01 1.0846e+01 1.0791e+01 1.0865e+01 1.0885e+01 1.0990e+01 1.1043e+01 1.0876e+01 1.0865e+01 1.0600e+01 1.0527e+01 1.0597e+01 1.0616e+01 1.0595e+01 1.0689e+01
1.4263e+01 9.0597e+00 8.5656e+00 9.2534e+00 8.9725e+00 8.7567e+00 7.1869e+00 8.4268e+00 9.1175e+00 9.0835e+00 8.8767e+00 8.9987e+00 9.1911e+00 9.3187e+00 8.6836e+00 8.7879e+00 8.8033e+00 8.7819e+00 8.7436e+00 8.7988e+00 8.8901e+00 8.8312e+00 8.7680e+00 8.5166e+00 8.7141e+00 8.7626e+00 8.6708e+00 8.4783e+00 8.4210e+00 8.5091e+00 8.4691e+00 8.5228e+00 8.5369e+00 8.6125e+00 8.6511e+00 8.5309e+00 8.5229e+00 8.3311e+00 8.2787e+00 8.3288e+00 8.3431e+00 8.3276e+00 8.3953e+00
1.5729e+01 7.0452e+00 6.6916e+00 7.1832e+00 6.9830e+00 6.8286e+00 5.6932e+00 6.5919e+00 7.0864e+00 7.0622e+00 6.9145e+00 7.0016e+00 7.1389e+00 7.2297e+00 6.7763e+00 6.8509e+00 6.8619e+00 6.8466e+00 6.8192e+00 6.8588e+00 6.9241e+00 6.8819e+00 6.8367e+00 6.6564e+00 6.7981e+00 6.8329e+00 6.7670e+00 6.6289e+00 6.5877e+00 6.6511e+00 6.6223e+00 6.6609e+00 6.6710e+00 6.7252e+00 6.7529e+00 6.6667e+00 6.6609e+00 6.5230e+00 6.4853e+00 6.5214e+00 6.5317e+00 6.5205e+00 6.5692e+00
1.7346e+01 5.4605e+00 5.2086e+00 5.5584e+00 5.4163e+00 5.3064e+00 4.4894e+00 5.1373e+00 5.4897e+00 5.4725e+00 5.3675e+00 5.4296e+00 5.5270e+00 5.5914e+00 5.2691e+00 5.3223e+00 5.3301e+00 5.3192e+00 5.2997e+00 5.3279e+00 5.3744e+00 5.3444e+00 5.3121e+00 5.1835e+00 5.2846e+00 5.3094e+00 5.2625e+00 5.1638e+00 5.1343e+00 5.1796e+00 5.1591e+00 5.1867e+00 5.1939e+00 5.2326e+00 5.2524e+00 5.1908e+00 5.1867e+00 5.0880e+00 5.0610e+00 5.0868e+00 5.0942e+00 5.0862e+00 5.1211e+00
1.9128e+01 4.2174e+00 4.0389e+00 4.2866e+00 4.1862e+00 4.1083e+00 3.5237e+00 3.9882e+00 4.2381e+00 4.2260e+00 4.1517e+00 4.1956e+00 4.2644e+00 4.3098e+00 4.0818e+00 4.1196e+00 4.1252e+00 4.1174e+00 4.1036e+00 4.1235e+00 4.1565e+00 4.1353e+00 4.1124e+00 4.0210e+00 4.0929e+00 4.1105e+00 4.0772e+00 4.0070e+00 3.9860e+00 4.0183e+00 4.0037e+00 4.0233e+00 4.0284e+00 4.0560e+00 4.0700e+00 4.0262e+00 4.0233e+00 3.9531e+00 3.9338e+00 3.9522e+00 3.9575e+00 3.9518e+00 3.9767e+00
2.1094e+01 3.2505e+00 3.1243e+00 3.2992e+00 3.2284e+00 3.1734e+00 2.7566e+00 3.0883e+00 3.2650e+00 3.2565e+00 3.2040e+00 3.2350e+00 3.2836e+00 3.3155e+00 3.1547e+00 3.1814e+00 3.1853e+00 3.1798e+00 3.1700e+00 3.1842e+00 3.2075e+00 3.1924e+00 3.1763e+00 3.1116e+00 3.1625e+00 3.1749e+00 3.1514e+00 3.1017e+00 3.0868e+00 3.1097e+00 3.0993e+00 3.1132e+00 3.1168e+00 3.1364e+00 3.1463e+00 3.1153e+00 3.1132e+00 3.0634e+00 3.0497e+00 3.0628e+00 3.0665e+00 3.0625e+00 3.0801e+00
2.3262e+01 2.4988e+00 2.4100e+00 2.5330e+00 2.4833e+00 2.4446e+00 2.1487e+00 2.3846e+00 2.5091e+00 2.5030e+00 2.4662e+00 2.4880e+00 2.5221e+00 2.5445e+00 2.4314e+00 2.4502e+00 2.4530e+00 2.4491e+00 2.4422e+00 2.4522e+00 2.4686e+00 2.4580e+00 2.4466e+00 2.4010e+00 2.4369e+00 2.4457e+00 2.4291e+00 2.3940e+00 2.3835e+00 2.3997e+00 2.3923e+00 2.4022e+00 2.4047e+00 2.4185e+00 2.4255e+00 2.4036e+00 2.4022e+00 2.3669e+00 2.3573e+00 2.3665e+00 2.3692e+00 2.3663e+00 2.3788e+00
2.5653e+01 1.9163e+00 1.8539e+00 1.9402e+00 1.9054e+00 1.8783e+00 1.6691e+00 1.8360e+00 1.9234e+00 1.9192e+00 1.8934e+00 1.9087e+00 1.9325e+00 1.9482e+00 1.8690e+00 1.8822e+00 1.8841e+00 1.8814e+00 1.8766e+00 1.8836e+00 1.8951e+00 1.8877e+00 1.8797e+00 1.8476e+00 1.8729e+00 1.8790e+00 1.8673e+00 1.8427e+00 1.8353e+00 1.8467e+00 1.8415e+00 1.8484e+00 1.8502e+00 1.8599e+00 1.8648e+00 1.8495e+00 1.8484e+00 1.8236e+00 1.8168e+00 1.8233e+00 1.8252e+00 1.8232e+00 1.8320e+00
2.8290e+01 1.4670e+00 1.4234e+00 1.4837e+00 1.4594e+00 1.4404e+00 1.2930e+00 1.4108e+00 1.4720e+00 1.4690e+00 1.4510e+00 1.4617e+00 1.4783e+00 1.4892e+00 1.4339e+00 1.4432e+00 1.4445e+00 1.4426e+00 1.4392e+00 1.4441e+00 1.4522e+00 1.4470e+00 1.4414e+00 1.4189e+00 1.4366e+00 1.4409e+00 1.4328e+00 1.4155e+00 1.4103e+00 1.4183e+00 1.4147e+00 1.4195e+00 1.4208e+00 1.4276e+00 1.4310e+00 1.4202e+00 1.4195e+00 1.4021e+00 1.3973e+00 1.4019e+00 1.4032e+00 1.4018e+00 1.4080e+00
3.1197e+01 1.1218e+00 1.0913e+00 1.1334e+00 1.1165e+00 1.1032e+00 9.9964e-01 1.0826e+00 1.1253e+00 1.1232e+00 1.1106e+00 1.1181e+00 1.1297e+00 1.1373e+00 1.0987e+00 1.1052e+00 1.1061e+00 1.1048e+00 1.1024e+00 1.1059e+00 1.1115e+00 1.1078e+00 1.1039e+00 1.0882e+00 1.1006e+00 1.1036e+00 1.0979e+00 1.0858e+00 1.0822e+00 1.0878e+00 1.0852e+00 1.0886e+00 1.0895e+00 1.0943e+00 1.0967e+00 1.0891e+00 1.0886e+00 1.0765e+00 1.0731e+00 1.0763e+00 1.0772e+00 1.0762e+00 1.0806e+00
3.4404e+01 8.5653e-01 8.3532e-01 8.6461e-01 8.5285e-01 8.4363e-01 7.7102e-01 8.2919e-01 8.5896e-01 8.5753e-01 8.4878e-01 8.5396e-01 8.6203e-01 8.6731e-01 8.4047e-01 8.4497e-01 8.4563e-01 8.4471e-01 8.4306e-01 8.4544e-01 8.4935e-01 8.4683e-01 8.4411e-01 8.3316e-01 8.4179e-01 8.4388e-01 8.3991e-01 8.3148e-01 8.2894e-01 8.3284e-01 8.3107e-01 8.3344e-01 8.3406e-01 8.3737e-01 8.3905e-01 8.3379e-01 8.3344e-01 8.2493e-01 8.2258e-01 8.2483e-01 8.2547e-01 8.2477e-01 8.2780e-01
3.7940e+01 6.5323e-01 6.3849e-01 6.5884e-01 6.5068e-01 6.4427e-01 5.9352e-01 6.3422e-01 6.5491e-01 6.5392e-01 6.4785e-01 6.5145e-01 6.5704e-01 6.6070e-01 6.4207e-01 6.4520e-01 6.4566e-01 6.4502e-01 6.4387e-01 6.4553e-01 6.4825e-01 6.4649e-01 6.4461e-01 6.3699e-01 6.4299e-01 6.4445e-01 6.4168e-01 6.3581e-01 6.3404e-01 6.3676e-01 6.3553e-01 6.3718e-01 6.3761e-01 6.3992e-01 6.4109e-01 6.3743e-01 6.3718e-01 6.3125e-01 6.2962e-01 6.3118e-01 6.3163e-01 6.3114e-01 6.3325e-01
4.1839e+01 4.9784e-01 4.8761e-01 5.0172e-01 4.9607e-01 4.9163e-01 4.5623e-01 4.8465e-01 4.9901e-01 4.9832e-01 4.9411e-01 4.9660e-01 5.0048e-01 5.0302e-01 4.9010e-01 4.9227e-01 4.9259e-01 4.9215e-01 4.9135e-01 4.9250e-01 4.9438e-01 4.9317e-01 4.9186e-01 4.8657e-01 4.9074e-01 4.9175e-01 4.8983e-01 4.8575e-01 4.8452e-01 4.8641e-01 4.8556e-01 4.8670e-01 4.8700e-01 4.8860e-01 4.8942e-01 4.8687e-01 4.8670e-01 4.8258e-01 4.8144e-01 4.8253e-01 4.8284e-01 4.8251e-01 4.8397e-01
4.6139e+01 3.7950e-01 3.7240e-01 3.8218e-01 3.7827e-01 3.7519e-01 3.5052e-01 3.7034e-01 3.8030e-01 3.7983e-01 3.7691e-01 3.7864e-01 3.8133e-01 3.8308e-01 3.7413e-01 3.7564e-01 3.7586e-01 3.7555e-01 3.7500e-01 3.7579e-01 3.7710e-01 3.7626e-01 3.7535e-01 3.7168e-01 3.7457e-01 3.7527e-01 3.7394e-01 3.7111e-01 3.7025e-01 3.7157e-01 3.7097e-01 3.7177e-01 3.7198e-01 3.7309e-01 3.7365e-01 3.7189e-01 3.7177e-01 3.6890e-01 3.6811e-01 3.6887e-01 3.6909e-01 3.6885e-01 3.6987e-01
5.0882e+01 2.8921e-01 2.8429e-01 2.9106e-01 2.8836e-01 2.8622e-01 2.6906e-01 2.8286e-01 2.8976e-01 2.8944e-01 2.8742e-01 2.8861e-01 2.9047e-01 2.9168e-01 2.8549e-01 2.8653e-01 2.8669e-01 2.8647e-01 2.8609e-01 2.8664e-01 2.8755e-01 2.8696e-01 2.8633e-01 2.8379e-01 2.8579e-01 2.8628e-01 2.8536e-01 2.8339e-01 2.8280e-01 2.8371e-01 2.8330e-01 2.8385e-01 2.8400e-01 2.8477e-01 2.8516e-01 2.8393e-01 2.8385e-01 2.8186e-01 2.8131e-01 2.8184e-01 2.8199e-01 2.8183e-01 2.8253e-01
5.6111e+01 2.2039e-01 2.1699e-01 2.2168e-01 2.1981e-01 2.1833e-01 2.0640e-01 2.1600e-01 2.2078e-01 2.2055e-01 2.1915e-01 2.1998e-01 2.2127e-01 2.2211e-01 2.1782e-01 2.1854e-01 2.1865e-01 2.1850e-01 2.1824e-01 2.1862e-01 2.1925e-01 2.1884e-01 2.1841e-01 2.1664e-01 2.1803e-01 2.1837e-01 2.1773e-01 2.1637e-01 2.1596e-01 2.1659e-01 2.1630e-01 2.1669e-01 2.1679e-01 2.1732e-01 2.1759e-01 2.1674e-01 2.1669e-01 2.1531e-01 2.1493e-01 2.1529e-01 2.1539e-01 2.1528e-01 2.1577e-01
6.1878e+01 1.6797e-01 1.6562e-01 1.6886e-01 1.6757e-01 1.6655e-01 1.5826e-01 1.6493e-01 1.6824e-01 1.6808e-01 1.6712e-01 1.6769e-01 1.6858e-01 1.6916e-01 1.6619e-01 1.6669e-01 1.6677e-01 1.6667e-01 1.6648e-01 1.6675e-01 1.6718e-01 1.6690e-01 1.6660e-01 1.6538e-01 1.6634e-01 1.6657e-01 1.6613e-01 1.6519e-01 1.6490e-01 1.6534e-01 1.6514e-01 1.6541e-01 1.6548e-01 1.6585e-01 1.6604e-01 1.6545e-01 1.6541e-01 1.6445e-01 1.6419e-01 1.6444e-01 1.6451e-01 1.6443e-01 1.6478e-01
6.8238e+01 1.2805e-01 1.2642e-01 1.2867e-01 1.2777e-01 1.2707e-01 1.2131e-01 1.2595e-01 1.2824e-01 1.2813e-01 1.2746e-01 1.2786e-01 1.2847e-01 1.2887e-01 1.2682e-01 1.2717e-01 1.2722e-01 1.2715e-01 1.2702e-01 1.2720e-01 1.2750e-01 1.2731e-01 1.2710e-01 1.2626e-01 1.2692e-01 1.2708e-01 1.2678e-01 1.2613e-01 1.2593e-01 1.2623e-01 1.2609e-01 1.2628e-01 1.2633e-01 1.2658e-01 1.2671e-01 1.2631e-01 1.2628e-01 1.2562e-01 1.2543e-01 1.2561e-01 1.2566e-01 1.2560e-01 1.2584e-01
7.5251e+01 9.7724e-02 9.6595e-02 9.8148e-02 9.7529e-02 9.7040e-02 9.3041e-02 9.6265e-02 9.7851e-02 9.7776e-02 9.7314e-02 9.7588e-02 9.8013e-02 9.8289e-02 9.6871e-02 9.7111e-02 9.7146e-02 9.7097e-02 9.7009e-02 9.7136e-02 9.7344e-02 9.7210e-02 9.7065e-02 9.6479e-02 9.6941e-02 9.7053e-02 9.6841e-02 9.6388e-02 9.6251e-02 9.6461e-02 9.6366e-02 9.6494e-02 9.6527e-02 9.6705e-02 9.6795e-02 9.6513e-02 9.6494e-02 9.6035e-02 9.5907e-02 9.6029e-02 9.6064e-02 9.6026e-02 9.6190e-02
8.2985e+01 7.4610e-02 7.3829e-02 7.4904e-02 7.4476e-02 7.4137e-02 7.1359e-02 7.3600e-02 7.4699e-02 7.4647e-02 7.4326e-02 7.4517e-02 7.4811e-02 7.5002e-02 7.4020e-02 7.4186e-02 7.4211e-02 7.4177e-02 7.4116e-02 7.4204e-02 7.4348e-02 7.4255e-02 7.4155e-02 7.3748e-02 7.4069e-02 7.4146e-02 7.3999e-02 7.3685e-02 7.3590e-02 7.3736e-02 7.3670e-02 7.3759e-02 7.3782e-02 7.3905e-02 7.3967e-02 7.3772e-02 7.3759e-02 7.3440e-02 7.3352e-02 7.3436e-02 7.3460e-02 7.3434e-02 7.3548e-02
9.1515e+01 5.6994e-02 5.6453e-02 5.7197e-02 5.6901e-02 5.6666e-02 5.4737e-02 5.6294e-02 5.7055e-02 5.7019e-02 5.6798e-02 5.6929e-02 5.7133e-02 5.7265e-02 5.6585e-02 5.6700e-02 5.6717e-02 5.6694e-02 5.6652e-02 5.6712e-02 5.6812e-02 5.6748e-02 5.6679e-02 5.6397e-02 5.6619e-02 5.6673e-02 5.6571e-02 5.6353e-02 5.6287e-02 5.6388e-02 5.6343e-02 5.6404e-02 5.6420e-02 5.6505e-02 5.6549e-02 5.6413e-02 5.6404e-02 5.6183e-02 5.6122e-02 5.6180e-02 5.6197e-02 5.6179e-02 5.6258e-02
1.0092e+02 4.3565e-02 4.3190e-02 4.3706e-02 4.3501e-02 4.3338e-02 4.1998e-02 4.3080e-02 4.3607e-02 4.3583e-02 4.3429e-02 4.3520e-02 4.3661e-02 4.3753e-02 4.3282e-02 4.3362e-02 4.3373e-02 4.3357e-02 4.3328e-02 4.3370e-02 4.3439e-02 4.3395e-02 4.3346e-02 4.3151e-02 4.3305e-02 4.3342e-02 4.3272e-02 4.3121e-02 4.3075e-02 4.3145e-02 4.3114e-02 4.3156e-02 4.3167e-02 4.3227e-02 4.3257e-02 4.3163e-02 4.3156e-02 4.3003e-02 4.2960e-02 4.3001e-02 4.3013e-02 4.3000e-02 4.3055e-02
1.1129e+02 3.3322e-02 3.3062e-02 3.3420e-02 3.3277e-02 3.3165e-02 3.2233e-02 3.2986e-02 3.3351e-02 3.3334e-02 3.3228e-02 3.3291e-02 3.3388e-02 3.3452e-02 3.3126e-02 3.3181e-02 3.3189e-02 3.3178e-02 3.3158e-02 3.3187e-02 3.3235e-02 3.3204e-02 3.3170e-02 3.3035e-02 3.3142e-02 3.3168e-02 3.3119e-02 3.3014e-02 3.2982e-02 3.3031e-02 3.3009e-02 3.3039e-02 3.3046e-02 3.3087e-02 3.3108e-02 3.3043e-02 3.3039e-02 3.2932e-02 3.2903e-02 3.2931e-02 3.2939e-02 3.2930e-02 3.2968e-02
1.2273e+02 2.5497e-02 2.5317e-02 2.5565e-02 2.5466e-02 2.5388e-02 2.4740e-02 2.5264e-02 2.5518e-02 2.5506e-02 2.5432e-02 2.5476e-02 2.5543e-02 2.5587e-02 2.5361e-02 2.5399e-02 2.5405e-02 2.5397e-02 2.5383e-02 2.5403e-02 2.5437e-02 2.5415e-02 2.5392e-02 2.5298e-02 2.5372e-02 2.5390e-02 2.5356e-02 2.5284e-02 2.5261e-02 2.5295e-02 2.5280e-02 2.5300e-02 2.5306e-02 2.5334e-02 2.5349e-02 2.5304e-02 2.5300e-02 2.5227e-02 2.5206e-02 2.5226e-02 2.5231e-02 2.5225e-02 2.5252e-02
1.3535e+02 1.9518e-02 1.9393e-02 1.9565e-02 1.9497e-02 1.9442e-02 1.8992e-02 1.9356e-02 1.9532e-02 1.9524e-02 1.9473e-02 1.9503e-02 1.9550e-02 1.9581e-02 1.9423e-02 1.9450e-02 1.9454e-02 1.9449e-02 1.9439e-02 1.9453e-02 1.9476e-02 1.9461e-02 1.9445e-02 1.9380e-02 1.9431e-02 1.9444e-02 1.9420e-02 1.9370e-02 1.9354e-02 1.9378e-02 1.9367e-02 1.9381e-02 1.9385e-02 1.9405e-02 1.9415e-02 1.9384e-02 1.9381e-02 1.9330e-02 1.9316e-02 1.9329e-02 1.9333e-02 1.9329e-02 1.9347e-02
1.4926e+02 1.4940e-02 1.4853e-02 1.4973e-02 1.4925e-02 1.4887e-02 1.4573e-02 1.4827e-02 1.4950e-02 1.4944e-02 1.4909e-02 1.4930e-02 1.4962e-02 1.4984e-02 1.4874e-02 1.4893e-02 1.4896e-02 1.4892e-02 1.4885e-02 1.4895e-02 1.4911e-02 1.4901e-02 1.4889e-02 1.4844e-02 1.4880e-02 1.4888e-02 1.4872e-02 1.4837e-02 1.4826e-02 1.4843e-02 1.4835e-02 1.4845e-02 1.4848e-02 1.4862e-02 1.4868e-02 1.4847e-02 1.4845e-02 1.4809e-02 1.4799e-02 1.4809e-02 1.4812e-02 1.4809e-02 1.4821e-02
1.6460e+02 1.1429e-02 1.1368e-02 1.1452e-02 1.1418e-02 1.1392e-02 1.1173e-02 1.1350e-02 1.1436e-02 1.1432e-02 1.1407e-02 1.1422e-02 1.1444e-02 1.1459e-02 1.1383e-02 1.1396e-02 1.1398e-02 1.1395e-02 1.1390e-02 1.1397e-02 1.1408e-02 1.1401e-02 1.1393e-02 1.1362e-02 1.1387e-02 1.1393e-02 1.1381e-02 1.1357e-02 1.1350e-02 1.1361e-02 1.1356e-02 1.1363e-02 1.1364e-02 1.1374e-02 1.1379e-02 1.1364e-02 1.1363e-02 1.1338e-02 1.1331e-02 1.1338e-02 1.1339e-02 1.1337e-02 1.1346e-02
1.8151e+02 8.7343e-03 8.6921e-03 8.7501e-03 8.7271e-03 8.7088e-03 8.5566e-03 8.6797e-03 8.7390e-03 8.7363e-03 8.7190e-03 8.7293e-03 8.7450e-03 8.7553e-03 8.7025e-03 8.7115e-03 8.7128e-03 8.7109e-03 8.7077e-03 8.7124e-03 8.7202e-03 8.7152e-03 8.7098e-03 8.6878e-03 8.7051e-03 8.7093e-03 8.7013e-03 8.6844e-03 8.6792e-03 8.6871e-03 8.6835e-03 8.6883e-03 8.6896e-03 8.6962e-03 8.6996e-03 8.6890e-03 8.6883e-03 8.6710e-03 8.6662e-03 8.6708e-03 8.6721e-03 8.6707e-03 8.6769e-03
2.0017e+02 6.6664e-03 6.6371e-03 6.6774e-03 6.6614e-03 6.6487e-03 6.5428e-03 6.6285e-03 6.6697e-03 6.6678e-03 6.6558e-03 6.6629e-03 6.6739e-03 6.6810e-03 6.6443e-03 6.6505e-03 6.6515e-03 6.6502e-03 6.6479e-03 6.6512e-03 6.6566e-03 6.6531e-03 6.6494e-03 6.6341e-03 6.6461e-03 6.6490e-03 6.6435e-03 6.6317e-03 6.6281e-03 6.6336e-03 6.6311e-03 6.6345e-03 6.6353e-03 6.6400e-03 6.6423e-03 6.6350e-03 6.6345e-03 6.6224e-03 6.6191e-03 6.6223e-03 6.6232e-03 6.6222e-03 6.6265e-03
2.2074e+02 5.0798e-03 5.0594e-03 5.0874e-03 5.0763e-03 5.0675e-03 4.9940e-03 5.0535e-03 5.0821e-03 5.0807e-03 5.0724e-03 5.0773e-03 5.0849e-03 5.0899e-03 5.0644e-03 5.0688e-03 5.0694e-03 5.0685e-03 5.0669e-03 5.0692e-03 5.0730e-03 5.0705e-03 5.0679e-03 5.0573e-03 5.0657e-03 5.0677e-03 5.0639e-03 5.0557e-03 5.0532e-03 5.0570e-03 5.0553e-03 5.0576e-03 5.0582e-03 5.0614e-03 5.0631e-03 5.0580e-03 5.0576e-03 5.0493e-03 5.0469e-03 5.0492e-03 5.0498e-03 5.0491e-03 5.0521e-03
2.4343e+02 3.8631e-03 3.8490e-03 3.8684e-03 3.8607e-03 3.8546e-03 3.8036e-03 3.8449e-03 3.8647e-03 3.8638e-03 3.8580e-03 3.8614e-03 3.8667e-03 3.8701e-03 3.8525e-03 3.8555e-03 3.8559e-03 3.8553e-03 3.8542e-03 3.8558e-03 3.8584e-03 3.8567e-03 3.8549e-03 3.8476e-03 3.8534e-03 3.8548e-03 3.8521e-03 3.8464e-03 3.8447e-03 3.8473e-03 3.8462e-03 3.8478e-03 3.8482e-03 3.8504e-03 3.8515e-03 3.8480e-03 3.8478e-03 3.8420e-03 3.8404e-03 3.8419e-03 3.8423e-03 3.8419e-03 3.8439e-03
2.6845e+02 2.9313e-03 2.9215e-03 2.9349e-03 2.9296e-03 2.9254e-03 2.8900e-03 2.9186e-03 2.9324e-03 2.9317e-03 2.9277e-03 2.9301e-03 2.9337e-03 2.9361e-03 2.9239e-03 2.9260e-03 2.9263e-03 2.9259e-03 2.9251e-03 2.9262e-03 2.9280e-03 2.9268e-03 2.9256e-03 2.9205e-03 2.9245e-03 2.9255e-03 2.9236e-03 2.9197e-03 2.9185e-03 2.9203e-03 2.9195e-03 2.9206e-03 2.9209e-03 2.9225e-03 2.9232e-03 2.9208e-03 2.9206e-03 2.9166e-03 2.9155e-03 2.9166e-03 2.9169e-03 2.9165e-03 2.9180e-03
2.9604e+02 2.2193e-03 2.2125e-03 2.2218e-03 2.2181e-03 2.2152e-03 2.1908e-03 2.2106e-03 2.2200e-03 2.2196e-03 2.2168e-03 2.2185e-03 2.2210e-03 2.2226e-03 2.2142e-03 2.2156e-03 2.2158e-03 2.2155e-03 2.2150e-03 2.2158e-03 2.2170e-03 2.2162e-03 2.2154e-03 2.2118e-03 2.2146e-03 2.2153e-03 2.2140e-03 2.2113e-03 2.2105e-03 2.2117e-03 2.2112e-03 2.2119e-03 2.2121e-03 2.2132e-03 2.2137e-03 2.2120e-03 2.2119e-03 2.2092e-03 2.2084e-03 2.2091e-03 2.2093e-03 2.2091e-03 2.2101e-03
3.2647e+02 1.6752e-03 1.6705e-03 1.6769e-03 1.6744e-03 1.6724e-03 1.6555e-03 1.6692e-03 1.6757e-03 1.6754e-03 1.6735e-03 1.6746e-03 1.6764e-03 1.6775e-03 1.6717e-03 1.6727e-03 1.6728e-03 1.6726e-03 1.6722e-03 1.6728e-03 1.6736e-03 1.6731e-03 1.6725e-03 1.6701e-03 1.6720e-03 1.6724e-03 1.6716e-03 1.6697e-03 1.6691e-03 1.6700e-03 1.6696e-03 1.6701e-03 1.6703e-03 1.6710e-03 1.6714e-03 1.6702e-03 1.6701e-03 1.6682e-03 1.6677e-03 1.6682e-03 1.6683e-03 1.6682e-03 1.6689e-03
3.6002e+02 1.2602e-03 1.2570e-03 1.2614e-03 1.2597e-03 1.2583e-03 1.2467e-03 1.2561e-03 1.2606e-03 1.2604e-03 1.2591e-03 1.2599e-03 1.2610e-03 1.2618e-03 1.2578e-03 1.2585e-03 1.2586e-03 1.2585e-03 1.2582e-03 1.2586e-03 1.2592e-03 1.2588e-03 1.2584e-03 1.2567e-03 1.2580e-03 1.2583e-03 1.2577e-03 1.2565e-03 1.2561e-03 1.2567e-03 1.2564e-03 1.2568e-03 1.2569e-03 1.2574e-03 1.2576e-03 1.2568e-03 1.2568e-03 1.2554e-03 1.2551e-03 1.2554e-03 1.2555e-03 1.2554e-03 1.2559e-03
3.9702e+02 9.4457e-04 9.4238e-04 9.4538e-04 9.4419e-04 9.4325e-04 9.3530e-04 9.4174e-04 9.4481e-04 9.4467e-04 9.4378e-04 9.4431e-04 9.4512e-04 9.4565e-04 9.4292e-04 9.4338e-04 9.4345e-04 9.4336e-04 9.4319e-04 9.4343e-04 9.4384e-04 9.4358e-04 9.4330e-04 9.4215e-04 9.4305e-04 9.4327e-04 9.4286e-04 9.4198e-04 9.4171e-04 9.4212e-04 9.4193e-04 9.4218e-04 9.4225e-04 9.4260e-04 9.4277e-04 9.4222e-04 9.4218e-04 9.4128e-04 9.4103e-04 9.4127e-04 9.4134e-04 9.4127e-04 9.4159e-04
4.3783e+02 7.0527e-04 7.0377e-04 7.0582e-04 7.0501e-04 7.0437e-04 6.9894e-04 7.0333e-04 7.0544e-04 7.0534e-04 7.0473e-04 7.0509e-04 7.0565e-04 7.0601e-04 7.0414e-04 7.0446e-04 7.0451e-04 7.0444e-04 7.0433e-04 7.0449e-04 7.0477e-04 7.0459e-04 7.0440e-04 7.0362e-04 7.0423e-04 7.0438e-04 7.0410e-04 7.0350e-04 7.0332e-04 7.0360e-04 7.0347e-04 7.0364e-04 7.0368e-04 7.0392e-04 7.0404e-04 7.0367e-04 7.0364e-04 7.0303e-04 7.0286e-04 7.0302e-04 7.0307e-04 7.0301e-04 7.0323e-04
4.8283e+02 5.2537e-04 5.2436e-04 5.2574e-04 5.2519e-04 5.2476e-04 5.2109e-04 5.2406e-04 5.2548e-04 5.2541e-04 5.2500e-04 5.2525e-04 5.2562e-04 5.2587e-04 5.2461e-04 5.2482e-04 5.2485e-04 5.2481e-04 5.2473e-04 5.2484e-04 5.2503e-04 5.2491e-04 5.2478e-04 5.2426e-04 5.2467e-04 5.2477e-04 5.2458e-04 5.2417e-04 5.2405e-04 5.2424e-04 5.2415e-04 5.2427e-04 5.2430e-04 5.2446e-04 5.2454e-04 5.2429e-04 5.2427e-04 5.2386e-04 5.2374e-04 5.2385e-04 5.2388e-04 5.2385e-04 5.2400e-04
5.3245e+02 3.9136e-04 3.9068e-04 3.9161e-04 3.9124e-04 3.9095e-04 3.8846e-04 3.9047e-04 3.9144e-04 3.9139e-04 3.9111e-04 3.9128e-04 3.9153e-04 3.9170e-04 3.9085e-04 3.9099e-04 3.9101e-04 3.9098e-04 3.9093e-04 3.9101e-04 3.9113e-04 3.9105e-04 3.9096e-04 3.9061e-04 3.9089e-04 3.9096e-04 3.9083e-04 3.9055e-04 3.9047e-04 3.9059e-04 3.9054e-04 3.9061e-04 3.9064e-04 3.9074e-04 3.9080e-04 3.9063e-04 3.9061e-04 3.9033e-04 3.9025e-04 3.9033e-04 3.9035e-04 3.9033e-04 3.9043e-04
5.8717e+02 2.9213e-04 2.9168e-04 2.9231e-04 2.9205e-04 2.9186e-04 2.9021e-04 2.9154e-04 2.9219e-04 2.9215e-04 2.9197e-04 2.9208e-04 2.9225e-04 2.9237e-04 2.9179e-04 2.9188e-04 2.9190e-04 2.9188e-04 2.9184e-04 2.9189e-04 2.9198e-04 2.9192e-04 2.9187e-04 2.9163e-04 2.9182e-04 2.9186e-04 2.9178e-04 2.9159e-04 2.9154e-04 2.9162e-04 2.9158e-04 2.9164e-04 2.9165e-04 2.9172e-04 2.9176e-04 2.9164e-04 2.9164e-04 2.9145e-04 2.9140e-04 2.9145e-04 2.9146e-04 2.9145e-04 2.9151e-04
6.4752e+02 2.1920e-04 2.1890e-04 2.1931e-04 2.1915e-04 2.1902e-04 2.1788e-04 2.1881e-04 2.1924e-04 2.1922e-04 2.1910e-04 2.1917e-04 2.1928e-04 2.1934e-04 2.1898e-04 2.1904e-04 2.1905e-04 2.1904e-04 2.1902e-04 2.1905e-04 2.1910e-04 2.1907e-04 2.1903e-04 2.1887e-04 2.1900e-04 2.1903e-04 2.1897e-04 2.1884e-04 2.1881e-04 2.1887e-04 2.1884e-04 2.1887e-04 2.1888e-04 2.1893e-04 2.1896e-04 2.1888e-04 2.1887e-04 2.1875e-04 2.1871e-04 2.1874e-04 2.1875e-04 2.1874e-04 2.1879e-04
7.1408e+02 1.6555e-04 1.6534e-04 1.6564e-04 1.6552e-04 1.6542e-04 1.6467e-04 1.6527e-04 1.6558e-04 1.6557e-04 1.6547e-04 1.6553e-04 1.6561e-04 1.6567e-04 1.6539e-04 1.6543e-04 1.6544e-04 1.6543e-04 1.6542e-04 1.6544e-04 1.6548e-04 1.6545e-04 1.6543e-04 1.6531e-04 1.6540e-04 1.6542e-04 1.6538e-04 1.6530e-04 1.6527e-04 1.6531e-04 1.6529e-04 1.6532e-04 1.6532e-04 1.6536e-04 1.6537e-04 1.6532e-04 1.6532e-04 1.6523e-04 1.6521e-04 1.6523e-04 1.6524e-04 1.6523e-04 1.6526e-04
7.8747e+02 1.2619e-04 1.2606e-04 1.2623e-04 1.2617e-04 1.2611e-04 1.2561e-04 1.2602e-04 1.2620e-04 1.2620e-04 1.2614e-04 1.2618e-04 1.2622e-04 1.2625e-04 1.2609e-04 1.2612e-04 1.2613e-04 1.2612e-04 1.2611e-04 1.2612e-04 1.2615e-04 1.2613e-04 1.2612e-04 1.2605e-04 1.2610e-04 1.2612e-04 1.2609e-04 1.2604e-04 1.2602e-04 1.2605e-04 1.2603e-04 1.2605e-04 1.2605e-04 1.2608e-04 1.2609e-04 1.2605e-04 1.2605e-04 1.2599e-04 1.2598e-04 1.2599e-04 1.2600e-04 1.2599e-04 1.2601e-04
8.6840e+02 9.7281e-05 9.7178e-05 9.7320e-05 9.7263e-05 9.7219e-05 9.6861e-05 9.7149e-05 9.7293e-05 9.7286e-05 9.7244e-05 9.7269e-05 9.7308e-05 9.7334e-05 9.7203e-05 9.7225e-05 9.7228e-05 9.7224e-05 9.7216e-05 9.7227e-05 9.7246e-05 9.7234e-05 9.7221e-05 9.7168e-05 9.7210e-05 9.7220e-05 9.7201e-05 9.7160e-05 9.7147e-05 9.7166e-05 9.7158e-05 9.7169e-05 9.7172e-05 9.7188e-05 9.7196e-05 9.7171e-05 9.7169e-05 9.7128e-05 9.7117e-05 9.7128e-05 9.7131e-05 9.7127e-05 9.7142e-05
9.5765e+02 7.6079e-05 7.6008e-05 7.6106e-05 7.6066e-05 7.6035e-05 7.5793e-05 7.5988e-05 7.6087e-05 7.6082e-05 7.6053e-05 7.6070e-05 7.6097e-05 7.6115e-05 7.6025e-05 7.6040e-05 7.6042e-05 7.6039e-05 7.6034e-05 7.6041e-05 7.6054e-05 7.6046e-05 7.6037e-05 7.6001e-05 7.6029e-05 7.6036e-05 7.6023e-05 7.5995e-05 7.5987e-05 7.6000e-05 7.5994e-05 7.6002e-05 7.6004e-05 7.6015e-05 7.6020e-05 7.6003e-05 7.6002e-05 7.5974e-05 7.5966e-05 7.5973e-05 7.5975e-05 7.5973e-05 7.5983e-05
1.0561e+03 6.0542e-05 6.0521e-05 6.0548e-05 6.0539e-05 6.0530e-05 6.0413e-05 6.0513e-05 6.0544e-05 6.0543e-05 6.0535e-05 6.0540e-05 6.0547e-05 6.0550e-05 6.0527e-05 6.0532e-05 6.0532e-05 6.0531e-05 6.0530e-05 6.0532e-05 6.0536e-05 6.0533e-05 6.0531e-05 6.0518e-05 6.0528e-05 6.0530e-05 6.0526e-05 6.0516e-05 6.0513e-05 6.0518e-05 6.0516e-05 6.0519e-05 6.0519e-05 6.0523e-05 6.0525e-05 6.0519e-05 6.0519e-05 6.0507e-05 6.0504e-05 6.0507e-05 6.0508e-05 6.0507e-05 6.0511e-05
1.1646e+03 4.9449e-05 4.9381e-05 4.9476e-05 4.9437e-05 4.9407e-05 4.9192e-05 4.9362e-05 4.9457e-05 4.9453e-05 4.9424e-05 4.9441e-05 4.9468e-05 4.9485e-05 4.9397e-05 4.9412e-05 4.9414e-05 4.9411e-05 4.9406e-05 4.9413e-05 4.9426e-05 4.9418e-05 4.9409e-05 4.9374e-05 4.9401e-05 4.9408e-05 4.9395e-05 4.9369e-05 4.9361e-05 4.9373e-05 4.9368e-05 4.9375e-05 4.9377e-05 4.9387e-05 4.9393e-05 4.9376e-05 4.9375e-05 4.9349e-05 4.9341e-05 4.9348e-05 4.9350e-05 4.9348e-05 4.9357e-05
1.2843e+03 4.0809e-05 4.0814e-05 4.0808e-05 4.0810e-05 4.0812e-05 4.0824e-05 4.0815e-05 4.0809e-05 4.0809e-05 4.0811e-05 4.0810e-05 4.0808e-05 4.0807e-05 4.0813e-05 4.0812e-05 4.0811e-05 4.0812e-05 4.0812e-05 4.0812e-05 4.0811e-05 4.0811e-05 4.0812e-05 4.0814e-05 4.0812e-05 4.0812e-05 4.0813e-05 4.0814e-05 4.0815e-05 4.0814e-05 4.0814e-05 4.0814e-05 4.0814e-05 4.0813e-05 4.0813e-05 4.0814e-05 4.0814e-05 4.0815e-05 4.0816e-05 4.0816e-05 4.0815e-05 4.0816e-05 4.0815e-05
1.4163e+03 3.5044e-05 3.5044e-05 3.5044e-05 3.5044e-05 3.5044e-05 3.5044e-05 3.5044e-05 3.5044e-05 3.5044e-05 3.5044e-05 3.5044e-05 3.5044e-05 3.5044e-05 3.5044e-05 3.5044e-05 3.5044e-05 3.5044e-05 3.5044e-05 3.5044e-05 3.5044e-05 3.5044e-05 3.5044e-05 3.5044e-05 3.5044e-05 3.5044e-05 3.5044e-05 3.5044e-05 3.5044e-05 3.5044e-05 3.5044e-05 3.5044e-05 3.5044e-05 3.5044e-05 3.5044e-05 3.5044e-05 3.5044e-05 3.5044e-05 3.5044e-05 3.5044e-05 3.5044e-05 3.5044e-05 3.5044e-05
