1.0000e-01 1.0625e+04
1.1020e-01 1.0798e+04
1.2144e-01 1.0892e+04
1.3383e-01 1.0907e+04
1.4748e-01 1.0843e+04
1.6252e-01 1.0702e+04
1.7910e-01 1.0488e+04
1.9737e-01 1.0205e+04
2.1750e-01 9.8621e+03
2.3969e-01 9.4650e+03
2.6414e-01 9.0223e+03
2.9108e-01 8.5427e+03
3.2077e-01 8.0351e+03
3.5349e-01 7.5082e+03
3.8955e-01 6.9705e+03
4.2928e-01 6.4300e+03
4.7307e-01 5.8941e+03
5.2132e-01 5.3692e+03
5.7450e-01 4.8609e+03
6.3310e-01 4.3741e+03
6.9768e-01 3.9125e+03
7.6884e-01 3.4789e+03
8.4727e-01 3.0753e+03
9.3369e-01 2.7029e+03
1.0289e+00 2.3622e+03
1.1339e+00 2.0528e+03
1.2495e+00 1.7741e+03
1.3770e+00 1.5250e+03
1.5175e+00 1.3038e+03
1.6722e+00 1.1088e+03
1.8428e+00 9.3802e+02
2.0308e+00 7.8952e+02
2.2379e+00 6.6117e+02
2.4662e+00 5.5095e+02
2.7178e+00 4.5685e+02
2.9950e+00 3.7701e+02
3.3005e+00 3.0965e+02
3.6372e+00 2.5315e+02
4.0082e+00 2.0601e+02
4.4170e+00 1.6690e+02
4.8675e+00 1.3461e+02
5.3640e+00 1.0810e+02
5.9112e+00 8.6446e+01
6.5142e+00 6.8840e+01
7.1786e+00 5.4599e+01
7.9109e+00 4.3138e+01
8.7178e+00 3.3958e+01
9.6070e+00 2.6640e+01
1.0587e+01 2.0830e+01
1.1667e+01 1.6237e+01
1.2857e+01 1.2620e+01
1.4168e+01 9.7822e+00
1.5614e+01 7.5634e+00
1.7206e+01 5.8342e+00
1.8961e+01 4.4907e+00
2.0895e+01 3.4498e+00
2.3027e+01 2.6455e+00
2.5376e+01 2.0255e+00
2.7964e+01 1.5486e+00
3.0816e+01 1.1826e+00
3.3960e+01 9.0219e-01
3.7424e+01 6.8768e-01
4.1241e+01 5.2384e-01
4.5448e+01 3.9885e-01
5.0084e+01 3.0360e-01
5.5192e+01 2.3108e-01
6.0822e+01 1.7587e-01
6.7026e+01 1.3387e-01
7.3863e+01 1.0192e-01
8.1397e+01 7.7615e-02
8.9700e+01 5.9129e-02
9.8850e+01 4.5067e-02
1.0893e+02 3.4367e-02
1.2004e+02 2.6219e-02
1.3229e+02 2.0010e-02
1.4578e+02 1.5274e-02
1.6065e+02 1.1659e-02
1.7704e+02 8.8996e-03
1.9510e+02 6.7919e-03
2.1500e+02 5.1817e-03
2.3693e+02 3.9516e-03
2.6110e+02 3.0118e-03
2.8773e+02 2.2939e-03
3.1708e+02 1.7457e-03
3.4942e+02 1.3272e-03
3.8506e+02 1.0080e-03
4.2434e+02 7.6471e-04
4.6763e+02 5.7974e-04
5.1532e+02 4.3961e-04
5.6789e+02 3.3373e-04
6.2582e+02 2.5387e-04
6.8965e+02 1.9369e-04
7.6000e+02 1.4834e-04
8.3752e+02 1.1415e-04
9.2295e+02 8.8361e-05
1.0171e+03 6.8902e-05
1.1208e+03 5.4202e-05
1.2352e+03 4.3076e-05
1.3612e+03 3.4635e-05
1.5000e+03 2.8215e-05
