8.8069e-02 6.4161e+02 2.5046e+02 4.1259e+01 8.7840e+02
9.7121e-02 7.0661e+02 2.7729e+02 4.5975e+01 9.6497e+02
1.0710e-01 7.7830e+02 3.0687e+02 5.1174e+01 1.0604e+03
1.1811e-01 8.4284e+02 3.3575e+02 5.6821e+01 1.1434e+03
1.3025e-01 8.9085e+02 3.6163e+02 6.2908e+01 1.1993e+03
1.4364e-01 9.4379e+02 3.9017e+02 6.9621e+01 1.2609e+03
1.5840e-01 1.0022e+03 4.2164e+02 7.7023e+01 1.3288e+03
1.7468e-01 1.0666e+03 4.5635e+02 8.5186e+01 1.4037e+03
1.9263e-01 1.1376e+03 4.9462e+02 9.4188e+01 1.4863e+03
2.1243e-01 1.2159e+03 5.3682e+02 1.0412e+02 1.5774e+03
2.3426e-01 1.3022e+03 5.8337e+02 1.1506e+02 1.6779e+03
2.5834e-01 1.3974e+03 6.3470e+02 1.2714e+02 1.7887e+03
2.8489e-01 1.5004e+03 6.9047e+02 1.4036e+02 1.9082e+03
3.1417e-01 1.4890e+03 7.0231e+02 1.4941e+02 1.8803e+03
3.4646e-01 1.4764e+03 7.1538e+02 1.5939e+02 1.8496e+03
3.8207e-01 1.4626e+03 7.2979e+02 1.7040e+02 1.8158e+03
4.2134e-01 1.4473e+03 7.4568e+02 1.8255e+02 1.7784e+03
4.6465e-01 1.4305e+03 7.6321e+02 1.9593e+02 1.7373e+03
5.1240e-01 1.4119e+03 7.8253e+02 2.1070e+02 1.6918e+03
5.6507e-01 1.3915e+03 8.0384e+02 2.2698e+02 1.6418e+03
6.2314e-01 1.3689e+03 8.2734e+02 2.4494e+02 1.5866e+03
6.8719e-01 1.3288e+03 8.2927e+02 2.5580e+02 1.5207e+03
7.5782e-01 1.2633e+03 7.9798e+02 2.5531e+02 1.4412e+03
8.3571e-01 1.1910e+03 7.6346e+02 2.5478e+02 1.3535e+03
9.2160e-01 1.1114e+03 7.2540e+02 2.5419e+02 1.2568e+03
1.0163e+00 1.0235e+03 6.8343e+02 2.5354e+02 1.1502e+03
1.1208e+00 9.2661e+02 6.3715e+02 2.5283e+02 1.0326e+03
1.2360e+00 8.1977e+02 5.8610e+02 2.5204e+02 9.0287e+02
1.3630e+00 7.0195e+02 5.2981e+02 2.5117e+02 7.5985e+02
1.5031e+00 6.4052e+02 4.9204e+02 2.4158e+02 6.8948e+02
1.6576e+00 5.9088e+02 4.5680e+02 2.2871e+02 6.3498e+02
1.8279e+00 5.3615e+02 4.1794e+02 2.1453e+02 5.7488e+02
2.0158e+00 4.7578e+02 3.7509e+02 1.9889e+02 5.0860e+02
2.2230e+00 4.0922e+02 3.2783e+02 1.8164e+02 4.3551e+02
2.4515e+00 3.3581e+02 2.7571e+02 1.6262e+02 3.5490e+02
2.7034e+00 2.5615e+02 2.1911e+02 1.4188e+02 2.6745e+02
2.9813e+00 2.3473e+02 2.0136e+02 1.3153e+02 2.4490e+02
3.2877e+00 2.1111e+02 1.8179e+02 1.2011e+02 2.2002e+02
3.6256e+00 1.8505e+02 1.6021e+02 1.0752e+02 1.9259e+02
3.9982e+00 1.5632e+02 1.3640e+02 9.3639e+01 1.6234e+02
4.4091e+00 1.2464e+02 1.1015e+02 7.8328e+01 1.2898e+02
4.8623e+00 8.9698e+01 8.1203e+01 6.1443e+01 9.2193e+01
5.3620e+00 7.7603e+01 7.0717e+01 5.4417e+01 7.9613e+01
5.9131e+00 6.8793e+01 6.2824e+01 4.8655e+01 7.0533e+01
6.5209e+00 5.9077e+01 5.4120e+01 4.2300e+01 6.0520e+01
7.1911e+00 4.8362e+01 4.4522e+01 3.5291e+01 4.9478e+01
7.9302e+00 3.6547e+01 3.3937e+01 2.7563e+01 3.7300e+01
8.7452e+00 2.4661e+01 2.3279e+01 1.9757e+01 2.5055e+01
9.6441e+00 2.2003e+01 2.0790e+01 1.7697e+01 2.2347e+01
1.0635e+01 1.9070e+01 1.8045e+01 1.5425e+01 1.9362e+01
1.1728e+01 1.5837e+01 1.5018e+01 1.2920e+01 1.6069e+01
1.2934e+01 1.2271e+01 1.1680e+01 1.0157e+01 1.2438e+01
1.4263e+01 8.3382e+00 7.9992e+00 7.1097e+00 8.4337e+00
1.5729e+01 6.2111e+00 5.9972e+00 5.4258e+00 6.2710e+00
1.7346e+01 5.4208e+00 5.2379e+00 4.7488e+00 5.4720e+00
1.9128e+01 4.5493e+00 4.4006e+00 4.0022e+00 4.5909e+00
2.1094e+01 3.5882e+00 3.4772e+00 3.1789e+00 3.6193e+00
2.3262e+01 2.5284e+00 2.4589e+00 2.2710e+00 2.5477e+00
2.5653e+01 1.6147e+00 1.5804e+00 1.4859e+00 1.6243e+00
2.8290e+01 1.4174e+00 1.3877e+00 1.3063e+00 1.4256e+00
3.1197e+01 1.1997e+00 1.1753e+00 1.1081e+00 1.2065e+00
3.4404e+01 9.5968e-01 9.4105e-01 8.8966e-01 9.6484e-01
3.7940e+01 6.9499e-01 6.8270e-01 6.4873e-01 6.9839e-01
4.1839e+01 4.0309e-01 3.9781e-01 3.8303e-01 4.0454e-01
4.6139e+01 3.5394e-01 3.4940e-01 3.3670e-01 3.5519e-01
5.0882e+01 3.0189e-01 2.9812e-01 2.8754e-01 3.0293e-01
5.6111e+01 2.4449e-01 2.4156e-01 2.3333e-01 2.4530e-01
6.1878e+01 1.8120e-01 1.7919e-01 1.7356e-01 1.8175e-01
6.8238e+01 1.1139e-01 1.1041e-01 1.0763e-01 1.1167e-01
7.5251e+01 8.7197e-02 8.6516e-02 8.4589e-02 8.7384e-02
8.2985e+01 7.4919e-02 7.4348e-02 7.2730e-02 7.5076e-02
9.1515e+01 6.1379e-02 6.0928e-02 5.9652e-02 6.1503e-02
1.0092e+02 4.6447e-02 4.6130e-02 4.5230e-02 4.6534e-02
1.1129e+02 2.9981e-02 2.9810e-02 2.9326e-02 3.0028e-02
1.2273e+02 2.1751e-02 2.1648e-02 2.1355e-02 2.1780e-02
1.3535e+02 1.8814e-02 1.8727e-02 1.8479e-02 1.8838e-02
1.4926e+02 1.5575e-02 1.5505e-02 1.5307e-02 1.5594e-02
1.6460e+02 1.2003e-02 1.1953e-02 1.1809e-02 1.2017e-02
1.8151e+02 8.0638e-03 8.0349e-03 7.9523e-03 8.0717e-03
2.0017e+02 5.5559e-03 5.5399e-03 5.4940e-03 5.5603e-03
2.2074e+02 4.8274e-03 4.8138e-03 4.7748e-03 4.8312e-03
2.4343e+02 4.0241e-03 4.0131e-03 3.9817e-03 4.0271e-03
2.6845e+02 3.1382e-03 3.1302e-03 3.1071e-03 3.1404e-03
2.9604e+02 2.1613e-03 2.1564e-03 2.1425e-03 2.1626e-03
3.2647e+02 1.4187e-03 1.4162e-03 1.4091e-03 1.4194e-03
3.6002e+02 1.2363e-03 1.2342e-03 1.2280e-03 1.2369e-03
3.9702e+02 1.0351e-03 1.0334e-03 1.0284e-03 1.0356e-03
4.3783e+02 8.1327e-04 8.1198e-04 8.0827e-04 8.1362e-04
4.8283e+02 5.6862e-04 5.6782e-04 5.6550e-04 5.6884e-04
5.3245e+02 3.5381e-04 3.5343e-04 3.5231e-04 3.5392e-04
5.8717e+02 3.0688e-04 3.0655e-04 3.0560e-04 3.0697e-04
6.4752e+02 2.5512e-04 2.5485e-04 2.5408e-04 2.5520e-04
7.1408e+02 1.9805e-04 1.9785e-04 1.9727e-04 1.9810e-04
7.8747e+02 1.3510e-04 1.3498e-04 1.3462e-04 1.3514e-04
8.6840e+02 7.3291e-05 7.3240e-05 7.3091e-05 7.3306e-05
9.5765e+02 6.6479e-05 6.6436e-05 6.6311e-05 6.6491e-05
1.0561e+03 5.8967e-05 5.8933e-05 5.8835e-05 5.8977e-05
1.1646e+03 5.0683e-05 5.0659e-05 5.0591e-05 5.0689e-05
1.2843e+03 4.1547e-05 4.1535e-05 4.1499e-05 4.1551e-05
1.4163e+03 3.1473e-05 3.1473e-05 3.1473e-05 3.1473e-05
