8.8069e-02 8.1584e+02 3.9378e+02 1.1470e+03 6.9978e+02 4.9451e+02 6.1234e+01 3.0606e+02 9.0888e+02 8.5061e+02 6.0234e+02 7.3530e+02 1.0310e+03 1.3249e+03
9.7121e-02 8.7997e+02 4.2909e+02 1.2296e+03 7.5663e+02 5.3733e+02 6.7785e+01 3.3446e+02 9.7853e+02 9.1682e+02 6.5272e+02 7.9443e+02 1.1075e+03 1.4162e+03
1.0710e-01 9.4553e+02 4.6615e+02 1.3127e+03 8.1513e+02 5.8195e+02 7.4918e+01 3.6447e+02 1.0494e+03 9.8440e+02 7.0486e+02 8.5514e+02 1.1848e+03 1.5072e+03
1.1811e-01 1.0121e+03 5.0483e+02 1.3956e+03 8.7491e+02 6.2816e+02 8.2661e+01 3.9603e+02 1.1209e+03 1.0529e+03 7.5848e+02 9.1706e+02 1.2625e+03 1.5973e+03
1.3025e-01 1.0784e+03 5.4469e+02 1.4765e+03 9.3499e+02 6.7536e+02 9.1023e+01 4.2884e+02 1.1919e+03 1.1210e+03 8.1276e+02 9.7913e+02 1.3388e+03 1.6844e+03
1.4364e-01 1.1440e+03 5.8549e+02 1.5547e+03 9.9487e+02 7.2319e+02 1.0002e+02 4.6273e+02 1.2615e+03 1.1881e+03 8.6727e+02 1.0408e+03 1.4131e+03 1.7676e+03
1.5840e-01 1.2076e+03 6.2669e+02 1.6286e+03 1.0535e+03 7.7099e+02 1.0964e+02 4.9734e+02 1.3285e+03 1.2530e+03 9.2115e+02 1.1011e+03 1.4839e+03 1.8451e+03
1.7468e-01 1.2679e+03 6.6768e+02 1.6965e+03 1.1099e+03 8.1794e+02 1.1987e+02 5.3220e+02 1.3915e+03 1.3144e+03 9.7343e+02 1.1587e+03 1.5498e+03 1.9152e+03
1.9263e-01 1.3241e+03 7.0797e+02 1.7574e+03 1.1631e+03 8.6343e+02 1.3067e+02 5.6694e+02 1.4495e+03 1.3713e+03 1.0234e+03 1.2129e+03 1.6096e+03 1.9767e+03
2.1243e-01 1.3747e+03 7.4674e+02 1.8095e+03 1.2118e+03 9.0647e+02 1.4196e+02 6.0091e+02 1.5011e+03 1.4223e+03 1.0699e+03 1.2623e+03 1.6617e+03 2.0279e+03
2.3426e-01 1.4185e+03 7.8321e+02 1.8515e+03 1.2549e+03 9.4613e+02 1.5367e+02 6.3349e+02 1.5448e+03 1.4661e+03 1.1118e+03 1.3057e+03 1.7048e+03 2.0672e+03
2.5834e-01 1.4545e+03 8.1672e+02 1.8823e+03 1.2916e+03 9.8165e+02 1.6569e+02 6.6413e+02 1.5798e+03 1.5019e+03 1.1483e+03 1.3423e+03 1.7380e+03 2.0938e+03
2.8489e-01 1.4818e+03 8.4648e+02 1.9011e+03 1.3208e+03 1.0122e+03 1.7788e+02 6.9214e+02 1.6051e+03 1.5284e+03 1.1785e+03 1.3709e+03 1.7601e+03 2.1067e+03
3.1417e-01 1.4991e+03 8.7154e+02 1.9066e+03 1.3413e+03 1.0366e+03 1.9005e+02 7.1671e+02 1.6194e+03 1.5446e+03 1.2012e+03 1.3906e+03 1.7701e+03 2.1049e+03
3.4646e-01 1.5060e+03 8.9135e+02 1.8987e+03 1.3527e+03 1.0544e+03 2.0200e+02 7.3731e+02 1.6224e+03 1.5501e+03 1.2160e+03 1.4007e+03 1.7676e+03 2.0884e+03
3.8207e-01 1.5022e+03 9.0533e+02 1.8774e+03 1.3546e+03 1.0650e+03 2.1354e+02 7.5336e+02 1.6138e+03 1.5445e+03 1.2222e+03 1.4008e+03 1.7526e+03 2.0571e+03
4.2134e-01 1.4875e+03 9.1297e+02 1.8428e+03 1.3466e+03 1.0680e+03 2.2441e+02 7.6437e+02 1.5936e+03 1.5278e+03 1.2196e+03 1.3908e+03 1.7251e+03 2.0117e+03
4.6465e-01 1.4620e+03 9.1395e+02 1.7955e+03 1.3287e+03 1.0631e+03 2.3438e+02 7.6992e+02 1.5620e+03 1.5001e+03 1.2081e+03 1.3706e+03 1.6854e+03 1.9528e+03
5.1240e-01 1.4262e+03 9.0807e+02 1.7364e+03 1.3012e+03 1.0503e+03 2.4318e+02 7.6974e+02 1.5196e+03 1.4618e+03 1.1876e+03 1.3406e+03 1.6344e+03 1.8817e+03
5.6507e-01 1.3808e+03 8.9535e+02 1.6668e+03 1.2647e+03 1.0297e+03 2.5057e+02 7.6371e+02 1.4672e+03 1.4137e+03 1.1585e+03 1.3013e+03 1.5730e+03 1.7996e+03
6.2314e-01 1.3266e+03 8.7598e+02 1.5879e+03 1.2197e+03 1.0017e+03 2.5634e+02 7.5187e+02 1.4058e+03 1.3568e+03 1.1215e+03 1.2535e+03 1.5025e+03 1.7084e+03
6.8719e-01 1.2648e+03 8.5033e+02 1.5013e+03 1.1673e+03 9.6691e+02 2.6028e+02 7.3442e+02 1.3368e+03 1.2923e+03 1.0773e+03 1.1981e+03 1.4243e+03 1.6096e+03
7.5782e-01 1.1966e+03 8.1893e+02 1.4089e+03 1.1085e+03 9.2601e+02 2.6226e+02 7.1169e+02 1.2615e+03 1.2214e+03 1.0268e+03 1.1364e+03 1.3400e+03 1.5054e+03
8.3571e-01 1.1235e+03 7.8243e+02 1.3122e+03 1.0445e+03 8.7988e+02 2.6217e+02 6.8416e+02 1.1813e+03 1.1456e+03 9.7100e+02 1.0696e+03 1.2512e+03 1.3974e+03
9.2160e-01 1.0467e+03 7.4162e+02 1.2130e+03 9.7660e+02 8.2945e+02 2.5997e+02 6.5241e+02 1.0978e+03 1.0663e+03 9.1108e+02 9.9888e+02 1.1594e+03 1.2875e+03
1.0163e+00 9.6773e+02 6.9733e+02 1.1130e+03 9.0608e+02 7.7576e+02 2.5566e+02 6.1712e+02 1.0125e+03 9.8491e+02 8.4822e+02 9.2571e+02 1.0663e+03 1.1777e+03
1.1208e+00 8.8800e+02 6.5048e+02 1.0137e+03 8.3426e+02 7.1988e+02 2.4930e+02 5.7905e+02 9.2693e+02 9.0293e+02 7.8361e+02 8.5139e+02 9.7348e+02 1.0694e+03
1.2360e+00 8.0861e+02 6.0194e+02 9.1651e+02 7.6220e+02 6.6275e+02 2.4105e+02 5.3892e+02 8.4212e+02 8.2148e+02 7.1827e+02 7.7702e+02 8.8206e+02 9.6396e+02
1.3630e+00 7.3090e+02 5.5264e+02 8.2269e+02 6.9116e+02 6.0545e+02 2.3107e+02 4.9757e+02 7.5949e+02 7.4189e+02 6.5340e+02 7.0386e+02 7.9347e+02 8.6281e+02
1.5031e+00 6.5571e+02 5.0338e+02 7.3312e+02 6.2199e+02 5.4881e+02 2.1960e+02 4.5571e+02 6.7990e+02 6.6501e+02 5.8983e+02 6.3279e+02 7.0855e+02 7.6676e+02
1.6576e+00 5.8400e+02 4.5496e+02 6.4874e+02 5.5564e+02 4.9369e+02 2.0689e+02 4.1407e+02 6.0428e+02 5.9181e+02 5.2848e+02 5.6473e+02 6.2825e+02 6.7671e+02
1.8279e+00 5.1625e+02 4.0795e+02 5.6990e+02 4.9260e+02 4.4066e+02 1.9321e+02 3.7321e+02 5.3310e+02 5.2274e+02 4.6988e+02 5.0019e+02 5.5297e+02 5.9296e+02
2.0158e+00 4.5325e+02 3.6309e+02 4.9738e+02 4.3369e+02 3.9048e+02 1.7888e+02 3.3383e+02 4.6715e+02 4.5861e+02 4.1483e+02 4.3998e+02 4.8349e+02 5.1624e+02
2.2230e+00 3.9507e+02 3.2068e+02 4.3106e+02 3.7903e+02 3.4341e+02 1.6417e+02 2.9627e+02 4.0643e+02 3.9945e+02 3.6352e+02 3.8419e+02 4.1975e+02 4.4636e+02
2.4515e+00 3.4193e+02 2.8109e+02 3.7103e+02 3.2889e+02 2.9978e+02 1.4937e+02 2.6090e+02 3.5114e+02 3.4548e+02 3.1624e+02 3.3309e+02 3.6191e+02 3.8335e+02
2.7034e+00 2.9389e+02 2.4455e+02 3.1724e+02 2.8338e+02 2.5979e+02 1.3473e+02 2.2801e+02 3.0130e+02 2.9675e+02 2.7315e+02 2.8677e+02 3.0994e+02 3.2707e+02
2.9813e+00 2.5090e+02 2.1122e+02 2.6948e+02 2.4250e+02 2.2354e+02 1.2049e+02 1.9778e+02 2.5681e+02 2.5318e+02 2.3429e+02 2.4521e+02 2.6369e+02 2.7728e+02
3.2877e+00 2.1279e+02 1.8114e+02 2.2748e+02 2.0613e+02 1.9101e+02 1.0684e+02 1.7031e+02 2.1747e+02 2.1460e+02 1.9960e+02 2.0828e+02 2.2291e+02 2.3360e+02
3.6256e+00 1.7928e+02 1.5423e+02 1.9079e+02 1.7403e+02 1.6208e+02 9.3950e+01 1.4559e+02 1.8296e+02 1.8071e+02 1.6888e+02 1.7573e+02 1.8722e+02 1.9558e+02
3.9982e+00 1.5010e+02 1.3043e+02 1.5905e+02 1.4600e+02 1.3662e+02 8.1934e+01 1.2358e+02 1.5296e+02 1.5121e+02 1.4196e+02 1.4732e+02 1.5628e+02 1.6276e+02
4.4091e+00 1.2487e+02 1.0954e+02 1.3179e+02 1.2169e+02 1.1439e+02 7.0875e+01 1.0416e+02 1.2709e+02 1.2573e+02 1.1855e+02 1.2272e+02 1.2965e+02 1.3464e+02
4.8623e+00 1.0324e+02 9.1387e+01 1.0854e+02 1.0079e+02 9.5147e+01 6.0814e+01 8.7193e+01 1.0494e+02 1.0390e+02 9.8369e+01 1.0158e+02 1.0690e+02 1.1073e+02
5.3620e+00 8.4823e+01 7.5729e+01 8.8862e+01 8.2952e+01 7.8625e+01 5.1766e+01 7.2487e+01 8.6121e+01 8.5326e+01 8.1098e+01 8.3559e+01 8.7616e+01 9.0518e+01
5.9131e+00 6.9259e+01 6.2336e+01 7.2312e+01 6.7841e+01 6.4549e+01 4.3717e+01 5.9850e+01 7.0242e+01 6.9641e+01 6.6433e+01 6.8302e+01 7.1372e+01 7.3560e+01
6.5209e+00 5.6245e+01 5.1008e+01 5.8538e+01 5.5176e+01 5.2688e+01 3.6653e+01 4.9116e+01 5.6984e+01 5.6532e+01 5.4113e+01 5.5523e+01 5.7832e+01 5.9472e+01
7.1911e+00 4.5416e+01 4.1484e+01 4.7126e+01 4.4616e+01 4.2749e+01 3.0506e+01 4.0054e+01 4.5968e+01 4.5630e+01 4.3820e+01 4.4876e+01 4.6601e+01 4.7821e+01
7.9302e+00 3.6459e+01 3.3530e+01 3.7725e+01 3.5866e+01 3.4475e+01 2.5204e+01 3.2458e+01 3.6868e+01 3.6618e+01 3.5273e+01 3.6059e+01 3.7337e+01 3.8239e+01
8.7452e+00 2.9142e+01 2.6972e+01 3.0075e+01 2.8704e+01 2.7674e+01 2.0697e+01 2.6173e+01 2.9444e+01 2.9260e+01 2.8265e+01 2.8847e+01 2.9789e+01 3.0453e+01
9.6441e+00 2.3165e+01 2.1568e+01 2.3848e+01 2.2844e+01 2.2086e+01 1.6878e+01 2.0977e+01 2.3386e+01 2.3251e+01 2.2521e+01 2.2948e+01 2.3639e+01 2.4123e+01
1.0635e+01 1.8342e+01 1.7173e+01 1.8839e+01 1.8108e+01 1.7554e+01 1.3688e+01 1.6739e+01 1.8504e+01 1.8405e+01 1.7872e+01 1.8184e+01 1.8687e+01 1.9040e+01
1.1728e+01 1.4451e+01 1.3601e+01 1.4810e+01 1.4280e+01 1.3878e+01 1.1030e+01 1.3283e+01 1.4567e+01 1.4496e+01 1.4109e+01 1.4336e+01 1.4700e+01 1.4955e+01
1.2934e+01 1.1349e+01 1.0733e+01 1.1608e+01 1.1226e+01 1.0934e+01 8.8465e+00 1.0502e+01 1.1433e+01 1.1382e+01 1.1102e+01 1.1266e+01 1.1529e+01 1.1712e+01
1.4263e+01 8.8735e+00 8.4304e+00 9.0594e+00 8.7852e+00 8.5754e+00 7.0550e+00 8.2634e+00 8.9339e+00 8.8970e+00 8.6963e+00 8.8140e+00 9.0027e+00 9.1338e+00
1.5729e+01 6.9164e+00 6.5987e+00 7.0492e+00 6.8533e+00 6.7029e+00 5.6009e+00 6.4785e+00 6.9596e+00 6.9332e+00 6.7896e+00 6.8739e+00 7.0087e+00 7.1022e+00
1.7346e+01 5.3738e+00 5.1470e+00 5.4682e+00 5.3288e+00 5.2215e+00 4.4269e+00 5.0609e+00 5.4045e+00 5.3858e+00 5.2834e+00 5.3435e+00 5.4395e+00 5.5059e+00
1.9128e+01 4.1610e+00 3.9999e+00 4.2279e+00 4.1292e+00 4.0530e+00 3.4830e+00 3.9386e+00 4.1828e+00 4.1695e+00 4.0969e+00 4.1396e+00 4.2075e+00 4.2545e+00
2.1094e+01 3.2153e+00 3.1012e+00 3.2625e+00 3.1927e+00 3.1388e+00 2.7314e+00 3.0575e+00 3.2307e+00 3.2213e+00 3.1699e+00 3.2001e+00 3.2481e+00 3.2813e+00
2.3262e+01 2.4782e+00 2.3977e+00 2.5115e+00 2.4623e+00 2.4243e+00 2.1343e+00 2.3668e+00 2.4891e+00 2.4824e+00 2.4463e+00 2.4675e+00 2.5014e+00 2.5247e+00
2.5653e+01 1.9054e+00 1.8487e+00 1.9287e+00 1.8942e+00 1.8674e+00 1.6619e+00 1.8269e+00 1.9130e+00 1.9083e+00 1.8829e+00 1.8979e+00 1.9216e+00 1.9379e+00
2.8290e+01 1.4623e+00 1.4226e+00 1.4786e+00 1.4545e+00 1.4357e+00 1.2905e+00 1.4073e+00 1.4677e+00 1.4644e+00 1.4466e+00 1.4571e+00 1.4737e+00 1.4851e+00
3.1197e+01 1.1210e+00 1.0931e+00 1.1323e+00 1.1155e+00 1.1024e+00 1.0000e+00 1.0824e+00 1.1247e+00 1.1224e+00 1.1100e+00 1.1173e+00 1.1289e+00 1.1369e+00
3.4404e+01 8.5787e-01 8.3844e-01 8.6581e-01 8.5406e-01 8.4488e-01 7.7298e-01 8.3092e-01 8.6046e-01 8.5888e-01 8.5019e-01 8.5530e-01 8.6340e-01 8.6895e-01
3.7940e+01 6.5565e-01 6.4211e-01 6.6116e-01 6.5300e-01 6.4660e-01 5.9623e-01 6.3686e-01 6.5745e-01 6.5635e-01 6.5030e-01 6.5386e-01 6.5949e-01 6.6335e-01
4.1839e+01 5.0064e-01 4.9123e-01 5.0447e-01 4.9880e-01 4.9436e-01 4.5914e-01 4.8758e-01 5.0190e-01 5.0113e-01 4.9693e-01 4.9940e-01 5.0331e-01 5.0599e-01
4.6139e+01 3.8227e-01 3.7573e-01 3.8493e-01 3.8099e-01 3.7790e-01 3.5330e-01 3.7318e-01 3.8314e-01 3.8261e-01 3.7969e-01 3.8141e-01 3.8412e-01 3.8598e-01
5.0882e+01 2.9173e-01 2.8718e-01 2.9357e-01 2.9084e-01 2.8869e-01 2.7154e-01 2.8541e-01 2.9233e-01 2.9196e-01 2.8994e-01 2.9113e-01 2.9301e-01 2.9429e-01
5.6111e+01 2.2254e-01 2.1939e-01 2.2382e-01 2.2193e-01 2.2044e-01 2.0849e-01 2.1816e-01 2.2296e-01 2.2271e-01 2.2130e-01 2.2213e-01 2.2343e-01 2.2432e-01
6.1878e+01 1.6970e-01 1.6752e-01 1.7058e-01 1.6927e-01 1.6824e-01 1.5993e-01 1.6666e-01 1.6999e-01 1.6981e-01 1.6884e-01 1.6941e-01 1.7032e-01 1.7093e-01
6.8238e+01 1.2935e-01 1.2784e-01 1.2996e-01 1.2906e-01 1.2834e-01 1.2256e-01 1.2725e-01 1.2955e-01 1.2943e-01 1.2876e-01 1.2915e-01 1.2978e-01 1.3021e-01
7.5251e+01 9.8623e-02 9.7574e-02 9.9046e-02 9.8418e-02 9.7924e-02 9.3905e-02 9.7163e-02 9.8761e-02 9.8677e-02 9.8210e-02 9.8485e-02 9.8918e-02 9.9213e-02
8.2985e+01 7.5154e-02 7.4428e-02 7.5447e-02 7.5013e-02 7.4670e-02 7.1878e-02 7.4143e-02 7.5250e-02 7.5192e-02 7.4869e-02 7.5059e-02 7.5359e-02 7.5563e-02
9.1515e+01 5.7237e-02 5.6734e-02 5.7440e-02 5.7139e-02 5.6902e-02 5.4964e-02 5.6537e-02 5.7304e-02 5.7263e-02 5.7040e-02 5.7171e-02 5.7379e-02 5.7520e-02
1.0092e+02 4.3565e-02 4.3216e-02 4.3705e-02 4.3497e-02 4.3333e-02 4.1989e-02 4.3080e-02 4.3610e-02 4.3582e-02 4.3428e-02 4.3519e-02 4.3662e-02 4.3760e-02
1.1129e+02 3.3137e-02 3.2896e-02 3.3234e-02 3.3090e-02 3.2977e-02 3.2045e-02 3.2802e-02 3.3169e-02 3.3149e-02 3.3042e-02 3.3105e-02 3.3204e-02 3.3272e-02
1.2273e+02 2.5191e-02 2.5025e-02 2.5258e-02 2.5159e-02 2.5081e-02 2.4436e-02 2.4960e-02 2.5213e-02 2.5200e-02 2.5126e-02 2.5170e-02 2.5238e-02 2.5284e-02
1.3535e+02 1.9150e-02 1.9036e-02 1.9196e-02 1.9128e-02 1.9074e-02 1.8628e-02 1.8990e-02 1.9165e-02 1.9156e-02 1.9105e-02 1.9135e-02 1.9182e-02 1.9214e-02
1.4926e+02 1.4557e-02 1.4477e-02 1.4588e-02 1.4541e-02 1.4504e-02 1.4196e-02 1.4446e-02 1.4567e-02 1.4561e-02 1.4525e-02 1.4546e-02 1.4579e-02 1.4601e-02
1.6460e+02 1.1062e-02 1.1008e-02 1.1084e-02 1.1052e-02 1.1026e-02 1.0813e-02 1.0986e-02 1.1070e-02 1.1065e-02 1.1041e-02 1.1055e-02 1.1078e-02 1.1093e-02
1.8151e+02 8.4061e-03 8.3684e-03 8.4212e-03 8.3988e-03 8.3810e-03 8.2340e-03 8.3536e-03 8.4110e-03 8.4080e-03 8.3913e-03 8.4012e-03 8.4166e-03 8.4271e-03
2.0017e+02 6.3877e-03 6.3617e-03 6.3981e-03 6.3827e-03 6.3704e-03 6.2690e-03 6.3515e-03 6.3911e-03 6.3890e-03 6.3775e-03 6.3843e-03 6.3950e-03 6.4022e-03
2.2074e+02 4.8546e-03 4.8367e-03 4.8618e-03 4.8511e-03 4.8427e-03 4.7727e-03 4.8296e-03 4.8569e-03 4.8555e-03 4.8476e-03 4.8522e-03 4.8596e-03 4.8646e-03
2.4343e+02 3.6903e-03 3.6780e-03 3.6952e-03 3.6879e-03 3.6821e-03 3.6338e-03 3.6731e-03 3.6919e-03 3.6909e-03 3.6855e-03 3.6887e-03 3.6937e-03 3.6972e-03
2.6845e+02 2.8064e-03 2.7979e-03 2.8098e-03 2.8048e-03 2.8008e-03 2.7675e-03 2.7946e-03 2.8075e-03 2.8068e-03 2.8031e-03 2.8053e-03 2.8088e-03 2.8112e-03
2.9604e+02 2.1362e-03 2.1303e-03 2.1385e-03 2.1350e-03 2.1323e-03 2.1093e-03 2.1280e-03 2.1369e-03 2.1365e-03 2.1339e-03 2.1354e-03 2.1378e-03 2.1394e-03
3.2647e+02 1.6269e-03 1.6229e-03 1.6285e-03 1.6261e-03 1.6242e-03 1.6083e-03 1.6213e-03 1.6274e-03 1.6271e-03 1.6253e-03 1.6264e-03 1.6280e-03 1.6292e-03
3.6002e+02 1.2398e-03 1.2371e-03 1.2410e-03 1.2393e-03 1.2380e-03 1.2270e-03 1.2360e-03 1.2402e-03 1.2400e-03 1.2388e-03 1.2395e-03 1.2406e-03 1.2414e-03
3.9702e+02 9.4559e-04 9.4367e-04 9.4637e-04 9.4522e-04 9.4431e-04 9.3673e-04 9.4291e-04 9.4585e-04 9.4569e-04 9.4484e-04 9.4534e-04 9.4613e-04 9.4667e-04
4.3783e+02 7.2180e-04 7.2046e-04 7.2233e-04 7.2154e-04 7.2091e-04 7.1567e-04 7.1994e-04 7.2197e-04 7.2187e-04 7.2128e-04 7.2162e-04 7.2217e-04 7.2254e-04
4.8283e+02 5.5144e-04 5.5052e-04 5.5181e-04 5.5126e-04 5.5083e-04 5.4721e-04 5.5016e-04 5.5156e-04 5.5148e-04 5.5108e-04 5.5132e-04 5.5169e-04 5.5195e-04
5.3245e+02 4.2168e-04 4.2104e-04 4.2194e-04 4.2156e-04 4.2126e-04 4.1873e-04 4.2079e-04 4.2177e-04 4.2172e-04 4.2143e-04 4.2160e-04 4.2186e-04 4.2204e-04
5.8717e+02 3.2267e-04 3.2223e-04 3.2286e-04 3.2259e-04 3.2238e-04 3.2067e-04 3.2206e-04 3.2273e-04 3.2270e-04 3.2250e-04 3.2262e-04 3.2280e-04 3.2293e-04
6.4752e+02 2.4729e-04 2.4699e-04 2.4740e-04 2.4723e-04 2.4709e-04 2.4586e-04 2.4686e-04 2.4732e-04 2.4730e-04 2.4717e-04 2.4725e-04 2.4737e-04 2.4744e-04
7.1408e+02 1.8962e-04 1.8939e-04 1.8971e-04 1.8957e-04 1.8947e-04 1.8864e-04 1.8931e-04 1.8965e-04 1.8963e-04 1.8953e-04 1.8959e-04 1.8968e-04 1.8975e-04
7.8747e+02 1.4554e-04 1.4541e-04 1.4559e-04 1.4552e-04 1.4546e-04 1.4488e-04 1.4535e-04 1.4556e-04 1.4555e-04 1.4549e-04 1.4553e-04 1.4558e-04 1.4561e-04
8.6840e+02 1.1180e-04 1.1169e-04 1.1184e-04 1.1178e-04 1.1173e-04 1.1131e-04 1.1165e-04 1.1181e-04 1.1181e-04 1.1176e-04 1.1178e-04 1.1183e-04 1.1186e-04
9.5765e+02 8.5924e-05 8.5847e-05 8.5956e-05 8.5909e-05 8.5872e-05 8.5585e-05 8.5817e-05 8.5935e-05 8.5928e-05 8.5893e-05 8.5914e-05 8.5946e-05 8.5969e-05
1.0561e+03 6.6023e-05 6.5998e-05 6.6030e-05 6.6019e-05 6.6007e-05 6.5865e-05 6.5987e-05 6.6025e-05 6.6024e-05 6.6014e-05 6.6020e-05 6.6028e-05 6.6033e-05
1.1646e+03 5.0992e-05 5.0917e-05 5.1024e-05 5.0977e-05 5.0942e-05 5.0686e-05 5.0889e-05 5.1002e-05 5.0996e-05 5.0962e-05 5.0982e-05 5.1014e-05 5.1036e-05
1.2843e+03 3.8693e-05 3.8697e-05 3.8691e-05 3.8693e-05 3.8695e-05 3.8708e-05 3.8698e-05 3.8692e-05 3.8692e-05 3.8694e-05 3.8693e-05 3.8691e-05 3.8690e-05
1.4163e+03 2.9245e-05 2.9245e-05 2.9245e-05 2.9245e-05 2.9245e-05 2.9245e-05 2.9245e-05 2.9245e-05 2.9245e-05 2.9245e-05 2.9245e-05 2.9245e-05 2.9245e-05
