8.8069e-02 8.0524e+02 3.7299e+02 6.0521e+01 1.0197e+03
9.7121e-02 8.6848e+02 4.0650e+02 6.6981e+01 1.0955e+03
1.0710e-01 9.3314e+02 4.4172e+02 7.4015e+01 1.1722e+03
1.1811e-01 9.9878e+02 4.7852e+02 8.1652e+01 1.2492e+03
1.3025e-01 1.0642e+03 5.1651e+02 8.9899e+01 1.3249e+03
1.4364e-01 1.1289e+03 5.5544e+02 9.8775e+01 1.3985e+03
1.5840e-01 1.1916e+03 5.9484e+02 1.0827e+02 1.4687e+03
1.7468e-01 1.2511e+03 6.3414e+02 1.1836e+02 1.5339e+03
1.9263e-01 1.3065e+03 6.7288e+02 1.2902e+02 1.5931e+03
2.1243e-01 1.3565e+03 7.1029e+02 1.4019e+02 1.6447e+03
2.3426e-01 1.3997e+03 7.4565e+02 1.5176e+02 1.6874e+03
2.5834e-01 1.4354e+03 7.7834e+02 1.6366e+02 1.7202e+03
2.8489e-01 1.4625e+03 8.0760e+02 1.7574e+02 1.7422e+03
3.1417e-01 1.4799e+03 8.3255e+02 1.8780e+02 1.7523e+03
3.4646e-01 1.4872e+03 8.5262e+02 1.9969e+02 1.7503e+03
3.8207e-01 1.4841e+03 8.6726e+02 2.1118e+02 1.7360e+03
4.2134e-01 1.4703e+03 8.7597e+02 2.2204e+02 1.7094e+03
4.6465e-01 1.4461e+03 8.7838e+02 2.3203e+02 1.6710e+03
5.1240e-01 1.4117e+03 8.7429e+02 2.4089e+02 1.6214e+03
5.6507e-01 1.3678e+03 8.6365e+02 2.4839e+02 1.5616e+03
6.2314e-01 1.3153e+03 8.4662e+02 2.5430e+02 1.4928e+03
6.8719e-01 1.2553e+03 8.2349e+02 2.5844e+02 1.4164e+03
7.5782e-01 1.1888e+03 7.9473e+02 2.6064e+02 1.3338e+03
8.3571e-01 1.1174e+03 7.6094e+02 2.6081e+02 1.2466e+03
9.2160e-01 1.0422e+03 7.2282e+02 2.5890e+02 1.1564e+03
1.0163e+00 9.6475e+02 6.8116e+02 2.5488e+02 1.0647e+03
1.1208e+00 8.8636e+02 6.3682e+02 2.4883e+02 9.7312e+02
1.2360e+00 8.0815e+02 5.9062e+02 2.4088e+02 8.8278e+02
1.3630e+00 7.3142e+02 5.4347e+02 2.3119e+02 7.9507e+02
1.5031e+00 6.5704e+02 4.9613e+02 2.1999e+02 7.1085e+02
1.6576e+00 5.8596e+02 4.4940e+02 2.0751e+02 6.3106e+02
1.8279e+00 5.1866e+02 4.0385e+02 1.9404e+02 5.5614e+02
2.0158e+00 4.5596e+02 3.6022e+02 1.7988e+02 4.8686e+02
2.2230e+00 3.9795e+02 3.1881e+02 1.6530e+02 4.2320e+02
2.4515e+00 3.4486e+02 2.8003e+02 1.5059e+02 3.6532e+02
2.7034e+00 2.9678e+02 2.4412e+02 1.3599e+02 3.1323e+02
2.9813e+00 2.5367e+02 2.1125e+02 1.2177e+02 2.6680e+02
3.2877e+00 2.1540e+02 1.8150e+02 1.0810e+02 2.2578e+02
3.6256e+00 1.8168e+02 1.5482e+02 9.5166e+01 1.8984e+02
3.9982e+00 1.5227e+02 1.3115e+02 8.3085e+01 1.5863e+02
4.4091e+00 1.2681e+02 1.1033e+02 7.1944e+01 1.3173e+02
4.8623e+00 1.0494e+02 9.2181e+01 6.1791e+01 1.0872e+02
5.3620e+00 8.6297e+01 7.6496e+01 5.2645e+01 8.9179e+01
5.9131e+00 7.0521e+01 6.3051e+01 4.4496e+01 7.2702e+01
6.5209e+00 5.7311e+01 5.1656e+01 3.7333e+01 5.8952e+01
7.1911e+00 4.6306e+01 4.2056e+01 3.1091e+01 4.7532e+01
7.9302e+00 3.7194e+01 3.4025e+01 2.5702e+01 3.8102e+01
8.7452e+00 2.9742e+01 2.7392e+01 2.1115e+01 3.0412e+01
9.6441e+00 2.3649e+01 2.1919e+01 1.7224e+01 2.4140e+01
1.0635e+01 1.8729e+01 1.7462e+01 1.3971e+01 1.9087e+01
1.1728e+01 1.4756e+01 1.3834e+01 1.1258e+01 1.5015e+01
1.2934e+01 1.1587e+01 1.0920e+01 9.0284e+00 1.1774e+01
1.4263e+01 9.0576e+00 8.5769e+00 7.1980e+00 9.1914e+00
1.5729e+01 7.0569e+00 6.7123e+00 5.7121e+00 7.1525e+00
1.7346e+01 5.4797e+00 5.2338e+00 4.5120e+00 5.5477e+00
1.9128e+01 4.2397e+00 4.0651e+00 3.5472e+00 4.2878e+00
2.1094e+01 3.2729e+00 3.1493e+00 2.7790e+00 3.3069e+00
2.3262e+01 2.5198e+00 2.4325e+00 2.1690e+00 2.5436e+00
2.5653e+01 1.9347e+00 1.8734e+00 1.6866e+00 1.9514e+00
2.8290e+01 1.4825e+00 1.4396e+00 1.3077e+00 1.4942e+00
3.1197e+01 1.1344e+00 1.1044e+00 1.0115e+00 1.1425e+00
3.4404e+01 8.6640e-01 8.4547e-01 7.8029e-01 8.7208e-01
3.7940e+01 6.6068e-01 6.4613e-01 6.0052e-01 6.6462e-01
4.1839e+01 5.0324e-01 4.9314e-01 4.6130e-01 5.0597e-01
4.6139e+01 3.8321e-01 3.7621e-01 3.5401e-01 3.8510e-01
5.0882e+01 2.9158e-01 2.8673e-01 2.7128e-01 2.9289e-01
5.6111e+01 2.2173e-01 2.1838e-01 2.0765e-01 2.2264e-01
6.1878e+01 1.6856e-01 1.6624e-01 1.5880e-01 1.6918e-01
6.8238e+01 1.2811e-01 1.2651e-01 1.2135e-01 1.2854e-01
7.5251e+01 9.7435e-02 9.6330e-02 9.2756e-02 9.7731e-02
8.2985e+01 7.4115e-02 7.3352e-02 7.0877e-02 7.4320e-02
9.1515e+01 5.6392e-02 5.5866e-02 5.4152e-02 5.6534e-02
1.0092e+02 4.2927e-02 4.2563e-02 4.1378e-02 4.3024e-02
1.1129e+02 3.2695e-02 3.2444e-02 3.1623e-02 3.2762e-02
1.2273e+02 2.4913e-02 2.4740e-02 2.4172e-02 2.4960e-02
1.3535e+02 1.8997e-02 1.8877e-02 1.8483e-02 1.9029e-02
1.4926e+02 1.4492e-02 1.4409e-02 1.4136e-02 1.4514e-02
1.6460e+02 1.1056e-02 1.0998e-02 1.0809e-02 1.1071e-02
1.8151e+02 8.4338e-03 8.3940e-03 8.2627e-03 8.4444e-03
2.0017e+02 6.4321e-03 6.4046e-03 6.3136e-03 6.4395e-03
2.2074e+02 4.9038e-03 4.8847e-03 4.8217e-03 4.9089e-03
2.4343e+02 3.7368e-03 3.7236e-03 3.6799e-03 3.7403e-03
2.6845e+02 2.8459e-03 2.8368e-03 2.8065e-03 2.8483e-03
2.9604e+02 2.1667e-03 2.1604e-03 2.1394e-03 2.1684e-03
3.2647e+02 1.6481e-03 1.6437e-03 1.6292e-03 1.6492e-03
3.6002e+02 1.2522e-03 1.2492e-03 1.2392e-03 1.2530e-03
3.9702e+02 9.5032e-04 9.4824e-04 9.4131e-04 9.5087e-04
4.3783e+02 7.2029e-04 7.1885e-04 7.1407e-04 7.2067e-04
4.8283e+02 5.4554e-04 5.4456e-04 5.4128e-04 5.4581e-04
5.3245e+02 4.1329e-04 4.1261e-04 4.1034e-04 4.1347e-04
5.8717e+02 3.1337e-04 3.1290e-04 3.1138e-04 3.1350e-04
6.4752e+02 2.3821e-04 2.3791e-04 2.3683e-04 2.3829e-04
7.1408e+02 1.8155e-04 1.8132e-04 1.8060e-04 1.8162e-04
7.8747e+02 1.3888e-04 1.3875e-04 1.3825e-04 1.3891e-04
8.6840e+02 1.0673e-04 1.0662e-04 1.0626e-04 1.0676e-04
9.5765e+02 8.2476e-05 8.2398e-05 8.2154e-05 8.2498e-05
1.0561e+03 6.4133e-05 6.4111e-05 6.3993e-05 6.4137e-05
1.1646e+03 5.0554e-05 5.0477e-05 5.0260e-05 5.0575e-05
1.2843e+03 3.9542e-05 3.9547e-05 3.9558e-05 3.9541e-05
1.4163e+03 3.1347e-05 3.1347e-05 3.1347e-05 3.1347e-05
