1.0000e-01 5.4364e+03
1.1020e-01 5.6264e+03
1.2144e-01 5.7806e+03
1.3383e-01 5.8960e+03
1.4748e-01 5.9705e+03
1.6252e-01 6.0029e+03
1.7910e-01 5.9928e+03
1.9737e-01 5.9409e+03
2.1750e-01 5.8485e+03
2.3969e-01 5.7180e+03
2.6414e-01 5.5522e+03
2.9108e-01 5.3548e+03
3.2077e-01 5.1298e+03
3.5349e-01 4.8816e+03
3.8955e-01 4.6148e+03
4.2928e-01 4.3342e+03
4.7307e-01 4.0443e+03
5.2132e-01 3.7496e+03
5.7450e-01 3.4544e+03
6.3310e-01 3.1624e+03
6.9768e-01 2.8771e+03
7.6884e-01 2.6014e+03
8.4727e-01 2.3378e+03
9.3369e-01 2.0882e+03
1.0289e+00 1.8541e+03
1.1339e+00 1.6364e+03
1.2495e+00 1.4359e+03
1.3770e+00 1.2526e+03
1.5175e+00 1.0865e+03
1.6722e+00 9.3700e+02
1.8428e+00 8.0355e+02
2.0308e+00 6.8528e+02
2.2379e+00 5.8119e+02
2.4662e+00 4.9024e+02
2.7178e+00 4.1129e+02
2.9950e+00 3.4322e+02
3.3005e+00 2.8491e+02
3.6372e+00 2.3528e+02
4.0082e+00 1.9329e+02
4.4170e+00 1.5799e+02
4.8675e+00 1.2849e+02
5.3640e+00 1.0398e+02
5.9112e+00 8.3730e+01
6.5142e+00 6.7099e+01
7.1786e+00 5.3520e+01
7.9109e+00 4.2498e+01
8.7178e+00 3.3603e+01
9.6070e+00 2.6463e+01
1.0587e+01 2.0760e+01
1.1667e+01 1.6228e+01
1.2857e+01 1.2642e+01
1.4168e+01 9.8175e+00
1.5614e+01 7.6016e+00
1.7206e+01 5.8698e+00
1.8961e+01 4.5211e+00
2.0895e+01 3.4744e+00
2.3027e+01 2.6644e+00
2.5376e+01 2.0395e+00
2.7964e+01 1.5586e+00
3.0816e+01 1.1893e+00
3.3960e+01 9.0650e-01
3.7424e+01 6.9024e-01
4.1241e+01 5.2516e-01
4.5448e+01 3.9935e-01
5.0084e+01 3.0357e-01
5.5192e+01 2.3073e-01
6.0822e+01 1.7537e-01
6.7026e+01 1.3331e-01
7.3863e+01 1.0137e-01
8.1397e+01 7.7107e-02
8.9700e+01 5.8687e-02
9.8850e+01 4.4697e-02
1.0893e+02 3.4068e-02
1.2004e+02 2.5985e-02
1.3229e+02 1.9830e-02
1.4578e+02 1.5139e-02
1.6065e+02 1.1560e-02
1.7704e+02 8.8283e-03
1.9510e+02 6.7417e-03
2.1500e+02 5.1473e-03
2.3693e+02 3.9286e-03
2.6110e+02 2.9969e-03
2.8773e+02 2.2848e-03
3.1708e+02 1.7405e-03
3.4942e+02 1.3247e-03
3.8506e+02 1.0071e-03
4.2434e+02 7.6474e-04
4.6763e+02 5.8028e-04
5.1532e+02 4.4036e-04
5.6789e+02 3.3450e-04
6.2582e+02 2.5453e-04
6.8965e+02 1.9419e-04
7.6000e+02 1.4866e-04
8.3752e+02 1.1430e-04
9.2295e+02 8.8359e-05
1.0171e+03 6.8766e-05
1.1208e+03 5.3953e-05
1.2352e+03 4.2733e-05
1.3612e+03 3.4214e-05
1.5000e+03 2.7729e-05
