3.3840e-01 9.2829e+03
3.6814e-01 8.1800e+03
4.0049e-01 7.2020e+03
4.3569e-01 6.3352e+03
4.7398e-01 5.5672e+03
5.1564e-01 4.8870e+03
5.6096e-01 4.2851e+03
6.1026e-01 3.7527e+03
6.6390e-01 3.2821e+03
7.2225e-01 2.8666e+03
7.8572e-01 2.5001e+03
8.5478e-01 2.1771e+03
9.2991e-01 1.8928e+03
1.0116e+00 1.6428e+03
1.1005e+00 1.4234e+03
1.1973e+00 1.2310e+03
1.3025e+00 1.0625e+03
1.4170e+00 9.1532e+02
1.5415e+00 7.8687e+02
1.6770e+00 6.7499e+02
1.8244e+00 5.7774e+02
1.9847e+00 4.9336e+02
2.1592e+00 4.2030e+02
2.3489e+00 3.5719e+02
2.5554e+00 3.0278e+02
2.7799e+00 2.5600e+02
3.0243e+00 2.1586e+02
3.2901e+00 1.8151e+02
3.5792e+00 1.5220e+02
3.8938e+00 1.2724e+02
4.2360e+00 1.0607e+02
4.6083e+00 8.8140e+01
5.0134e+00 7.3015e+01
5.4540e+00 6.0290e+01
5.9333e+00 4.9618e+01
6.4548e+00 4.0699e+01
7.0221e+00 3.3272e+01
7.6392e+00 2.7114e+01
8.3106e+00 2.2029e+01
9.0411e+00 1.7847e+01
9.8357e+00 1.4419e+01
1.0700e+01 1.1619e+01
1.1641e+01 9.3403e+00
1.2664e+01 7.4911e+00
1.3777e+01 5.9952e+00
1.4987e+01 4.7884e+00
1.6305e+01 3.8174e+00
1.7738e+01 3.0381e+00
1.9297e+01 2.4141e+00
2.0993e+01 1.9155e+00
2.2838e+01 1.5180e+00
2.4845e+01 1.2016e+00
2.7028e+01 9.5022e-01
2.9404e+01 7.5080e-01
3.1988e+01 5.9283e-01
3.4799e+01 4.6783e-01
3.7858e+01 3.6905e-01
4.1185e+01 2.9105e-01
4.4805e+01 2.2951e-01
4.8743e+01 1.8099e-01
5.3027e+01 1.4275e-01
5.7687e+01 1.1262e-01
6.2757e+01 8.8880e-02
6.8273e+01 7.0175e-02
7.4273e+01 5.5434e-02
8.0801e+01 4.3815e-02
8.7902e+01 3.4654e-02
9.5628e+01 2.7429e-02
1.0403e+02 2.1728e-02
1.1318e+02 1.7224e-02
1.2312e+02 1.3663e-02
1.3394e+02 1.0842e-02
1.4572e+02 8.6054e-03
1.5852e+02 6.8310e-03
1.7246e+02 5.4220e-03
1.8761e+02 4.3026e-03
2.0410e+02 3.4128e-03
2.2204e+02 2.7055e-03
2.4155e+02 2.1431e-03
2.6278e+02 1.6961e-03
2.8588e+02 1.3408e-03
3.1100e+02 1.0587e-03
3.3834e+02 8.3470e-04
3.6807e+02 6.5707e-04
4.0042e+02 5.1632e-04
4.3562e+02 4.0510e-04
4.7390e+02 3.1780e-04
5.1555e+02 2.4973e-04
5.6087e+02 1.9691e-04
6.1016e+02 1.5607e-04
6.6379e+02 1.2456e-04
7.2212e+02 1.0028e-04
7.8559e+02 8.1583e-05
8.5464e+02 6.7191e-05
9.2975e+02 5.6159e-05
1.0115e+03 4.7768e-05
1.1004e+03 4.1461e-05
1.1971e+03 3.6824e-05
1.3023e+03 3.3559e-05
1.4167e+03 3.1467e-05
