 1.960e+01 	  1.830e+01 	  2.113e-11 5.160e-15 5.240e-15 5.314e-15 5.382e-15 5.441e-15 5.494e-15 5.540e-15 5.580e-15 5.899e-15 5.906e-15 
 1.922e+01 	  1.792e+01 	  2.325e-11 6.067e-15 6.199e-15 6.302e-15 6.382e-15 6.444e-15 6.493e-15 6.531e-15 6.562e-15 6.617e-15 6.624e-15 
 1.884e+01 	  1.755e+01 	  2.527e-11 6.880e-15 6.938e-15 6.978e-15 7.008e-15 7.032e-15 7.051e-15 7.068e-15 7.082e-15 7.422e-15 7.431e-15 
 1.846e+01 	  1.718e+01 	  2.641e-11 7.629e-15 7.743e-15 7.849e-15 7.943e-15 8.026e-15 8.097e-15 8.159e-15 8.211e-15 8.325e-15 8.336e-15 
 1.810e+01 	  1.683e+01 	  2.807e-11 8.599e-15 8.716e-15 8.798e-15 8.854e-15 8.892e-15 8.918e-15 8.936e-15 8.949e-15 9.339e-15 9.351e-15 
 1.774e+01 	  1.647e+01 	  2.975e-11 9.605e-15 9.732e-15 9.849e-15 9.956e-15 1.005e-14 1.014e-14 1.022e-14 1.029e-14 1.048e-14 1.049e-14 
 1.739e+01 	  1.613e+01 	  3.145e-11 1.078e-14 1.094e-14 1.106e-14 1.115e-14 1.121e-14 1.125e-14 1.128e-14 1.130e-14 1.175e-14 1.177e-14 
 1.704e+01 	  1.579e+01 	  3.337e-11 1.207e-14 1.224e-14 1.238e-14 1.251e-14 1.262e-14 1.273e-14 1.283e-14 1.292e-14 1.319e-14 1.321e-14 
 1.671e+01 	  1.546e+01 	  3.530e-11 1.353e-14 1.374e-14 1.391e-14 1.403e-14 1.412e-14 1.418e-14 1.423e-14 1.425e-14 1.480e-14 1.482e-14 
 1.637e+01 	  1.514e+01 	  3.742e-11 1.516e-14 1.538e-14 1.556e-14 1.572e-14 1.587e-14 1.600e-14 1.612e-14 1.624e-14 1.661e-14 1.663e-14 
 1.605e+01 	  1.482e+01 	  3.962e-11 1.699e-14 1.726e-14 1.748e-14 1.765e-14 1.778e-14 1.787e-14 1.794e-14 1.798e-14 1.863e-14 1.867e-14 
 1.573e+01 	  1.451e+01 	  4.198e-11 1.904e-14 1.934e-14 1.958e-14 1.978e-14 1.996e-14 2.012e-14 2.027e-14 2.041e-14 2.091e-14 2.095e-14 
 1.542e+01 	  1.421e+01 	  4.447e-11 2.134e-14 2.169e-14 2.198e-14 2.221e-14 2.238e-14 2.251e-14 2.261e-14 2.267e-14 2.347e-14 2.352e-14 
 1.512e+01 	  1.391e+01 	  4.711e-11 2.392e-14 2.431e-14 2.462e-14 2.488e-14 2.511e-14 2.532e-14 2.551e-14 2.568e-14 2.635e-14 2.640e-14 
 1.482e+01 	  1.362e+01 	  4.991e-11 2.681e-14 2.726e-14 2.764e-14 2.794e-14 2.818e-14 2.836e-14 2.849e-14 2.859e-14 2.957e-14 2.963e-14 
 1.452e+01 	  1.333e+01 	  5.287e-11 3.005e-14 3.057e-14 3.098e-14 3.132e-14 3.161e-14 3.187e-14 3.211e-14 3.232e-14 3.320e-14 3.327e-14 
 1.424e+01 	  1.305e+01 	  5.602e-11 3.369e-14 3.427e-14 3.476e-14 3.516e-14 3.548e-14 3.573e-14 3.592e-14 3.605e-14 3.727e-14 3.735e-14 
 1.395e+01 	  1.277e+01 	  5.935e-11 3.776e-14 3.844e-14 3.898e-14 3.943e-14 3.980e-14 4.013e-14 4.043e-14 4.070e-14 4.185e-14 4.194e-14 
 1.368e+01 	  1.250e+01 	  6.289e-11 4.233e-14 4.310e-14 4.374e-14 4.426e-14 4.469e-14 4.502e-14 4.528e-14 4.547e-14 4.699e-14 4.710e-14 
 1.341e+01 	  1.224e+01 	  6.663e-11 4.746e-14 4.835e-14 4.906e-14 4.965e-14 5.014e-14 5.056e-14 5.094e-14 5.128e-14 5.277e-14 5.290e-14 
 1.314e+01 	  1.198e+01 	  7.060e-11 5.321e-14 5.422e-14 5.505e-14 5.574e-14 5.630e-14 5.674e-14 5.709e-14 5.736e-14 5.926e-14 5.941e-14 
 1.288e+01 	  1.172e+01 	  7.481e-11 5.966e-14 6.082e-14 6.176e-14 6.253e-14 6.317e-14 6.372e-14 6.420e-14 6.464e-14 6.655e-14 6.673e-14 
 1.263e+01 	  1.147e+01 	  7.928e-11 6.689e-14 6.822e-14 6.930e-14 7.020e-14 7.094e-14 7.153e-14 7.200e-14 7.236e-14 7.475e-14 7.496e-14 
 1.238e+01 	  1.123e+01 	  8.402e-11 7.501e-14 7.653e-14 7.776e-14 7.877e-14 7.961e-14 8.033e-14 8.095e-14 8.151e-14 8.397e-14 8.421e-14 
 1.213e+01 	  1.099e+01 	  8.904e-11 8.411e-14 8.584e-14 8.727e-14 8.844e-14 8.941e-14 9.020e-14 9.083e-14 9.132e-14 9.433e-14 9.461e-14 
 1.189e+01 	  1.075e+01 	  9.437e-11 9.432e-14 9.631e-14 9.794e-14 9.927e-14 1.004e-13 1.013e-13 1.021e-13 1.028e-13 1.060e-13 1.063e-13 
 1.165e+01 	  1.052e+01 	  1.000e-10 1.058e-13 1.081e-13 1.099e-13 1.115e-13 1.127e-13 1.138e-13 1.146e-13 1.153e-13 1.191e-13 1.195e-13 
 1.142e+01 	  1.030e+01 	  1.060e-10 1.186e-13 1.212e-13 1.234e-13 1.251e-13 1.266e-13 1.278e-13 1.288e-13 1.297e-13 1.338e-13 1.343e-13 
 1.120e+01 	  1.008e+01 	  1.124e-10 1.331e-13 1.360e-13 1.385e-13 1.405e-13 1.422e-13 1.436e-13 1.447e-13 1.456e-13 1.504e-13 1.509e-13 
 1.098e+01 	  9.862e+00 	  1.191e-10 1.493e-13 1.527e-13 1.555e-13 1.578e-13 1.597e-13 1.613e-13 1.626e-13 1.638e-13 1.690e-13 1.696e-13 
 1.076e+01 	  9.649e+00 	  1.263e-10 1.674e-13 1.713e-13 1.745e-13 1.772e-13 1.794e-13 1.812e-13 1.827e-13 1.839e-13 1.900e-13 1.907e-13 
 1.055e+01 	  9.441e+00 	  1.338e-10 1.878e-13 1.923e-13 1.960e-13 1.990e-13 2.015e-13 2.036e-13 2.053e-13 2.069e-13 2.136e-13 2.144e-13 
 1.034e+01 	  9.238e+00 	  1.419e-10 2.107e-13 2.158e-13 2.200e-13 2.235e-13 2.264e-13 2.288e-13 2.307e-13 2.323e-13 2.401e-13 2.411e-13 
 1.013e+01 	  9.038e+00 	  1.504e-10 2.364e-13 2.422e-13 2.471e-13 2.510e-13 2.543e-13 2.571e-13 2.594e-13 2.614e-13 2.699e-13 2.711e-13 
 9.932e+00 	  8.842e+00 	  1.595e-10 2.652e-13 2.719e-13 2.775e-13 2.820e-13 2.858e-13 2.890e-13 2.915e-13 2.937e-13 3.035e-13 3.049e-13 
 9.735e+00 	  8.650e+00 	  1.691e-10 2.976e-13 3.053e-13 3.116e-13 3.168e-13 3.212e-13 3.248e-13 3.278e-13 3.304e-13 3.414e-13 3.429e-13 
 9.542e+00 	  8.462e+00 	  1.793e-10 3.339e-13 3.427e-13 3.500e-13 3.560e-13 3.610e-13 3.651e-13 3.685e-13 3.714e-13 3.839e-13 3.858e-13 
 9.353e+00 	  8.278e+00 	  1.901e-10 3.747e-13 3.848e-13 3.931e-13 4.000e-13 4.057e-13 4.105e-13 4.145e-13 4.179e-13 4.319e-13 4.340e-13 
 9.168e+00 	  8.097e+00 	  2.016e-10 4.205e-13 4.321e-13 4.416e-13 4.495e-13 4.561e-13 4.615e-13 4.661e-13 4.698e-13 4.858e-13 4.884e-13 
 8.987e+00 	  7.920e+00 	  2.138e-10 4.719e-13 4.852e-13 4.962e-13 5.052e-13 5.127e-13 5.189e-13 5.242e-13 5.287e-13 5.466e-13 5.496e-13 
 8.809e+00 	  7.747e+00 	  2.268e-10 5.296e-13 5.449e-13 5.574e-13 5.678e-13 5.765e-13 5.836e-13 5.896e-13 5.946e-13 6.151e-13 6.185e-13 
 8.634e+00 	  7.577e+00 	  2.405e-10 5.945e-13 6.120e-13 6.264e-13 6.383e-13 6.482e-13 6.564e-13 6.633e-13 6.692e-13 6.922e-13 6.962e-13 
 8.463e+00 	  7.411e+00 	  2.551e-10 6.673e-13 6.874e-13 7.039e-13 7.176e-13 7.289e-13 7.384e-13 7.463e-13 7.529e-13 7.790e-13 7.838e-13 
 8.296e+00 	  7.247e+00 	  2.706e-10 7.491e-13 7.721e-13 7.911e-13 8.068e-13 8.198e-13 8.306e-13 8.397e-13 8.475e-13 8.769e-13 8.825e-13 
 8.131e+00 	  7.087e+00 	  2.870e-10 8.410e-13 8.674e-13 8.891e-13 9.071e-13 9.221e-13 9.346e-13 9.450e-13 9.537e-13 9.872e-13 9.938e-13 
 7.970e+00 	  6.931e+00 	  3.045e-10 9.443e-13 9.745e-13 9.994e-13 1.020e-12 1.037e-12 1.052e-12 1.064e-12 1.074e-12 1.112e-12 1.119e-12 
 7.813e+00 	  6.777e+00 	  3.230e-10 1.060e-12 1.095e-12 1.124e-12 1.147e-12 1.167e-12 1.183e-12 1.197e-12 1.209e-12 1.252e-12 1.261e-12 
 7.658e+00 	  6.627e+00 	  3.427e-10 1.191e-12 1.230e-12 1.263e-12 1.290e-12 1.313e-12 1.332e-12 1.348e-12 1.361e-12 1.410e-12 1.420e-12 
 7.506e+00 	  6.479e+00 	  3.636e-10 1.337e-12 1.383e-12 1.420e-12 1.452e-12 1.478e-12 1.499e-12 1.517e-12 1.533e-12 1.588e-12 1.600e-12 
 7.358e+00 	  6.335e+00 	  3.858e-10 1.502e-12 1.554e-12 1.597e-12 1.633e-12 1.663e-12 1.688e-12 1.709e-12 1.727e-12 1.789e-12 1.803e-12 
 7.212e+00 	  6.193e+00 	  4.094e-10 1.686e-12 1.746e-12 1.796e-12 1.837e-12 1.872e-12 1.900e-12 1.924e-12 1.945e-12 2.015e-12 2.032e-12 
 7.069e+00 	  6.054e+00 	  4.344e-10 1.894e-12 1.963e-12 2.020e-12 2.068e-12 2.107e-12 2.140e-12 2.168e-12 2.191e-12 2.271e-12 2.291e-12 
 6.929e+00 	  5.918e+00 	  4.610e-10 2.128e-12 2.207e-12 2.272e-12 2.327e-12 2.372e-12 2.410e-12 2.442e-12 2.469e-12 2.559e-12 2.583e-12 
 6.792e+00 	  5.785e+00 	  4.893e-10 2.391e-12 2.481e-12 2.556e-12 2.619e-12 2.671e-12 2.715e-12 2.751e-12 2.782e-12 2.885e-12 2.912e-12 
 6.657e+00 	  5.655e+00 	  5.193e-10 2.686e-12 2.790e-12 2.876e-12 2.948e-12 3.008e-12 3.058e-12 3.100e-12 3.136e-12 3.253e-12 3.285e-12 
 6.526e+00 	  5.527e+00 	  5.512e-10 3.018e-12 3.137e-12 3.236e-12 3.319e-12 3.388e-12 3.446e-12 3.494e-12 3.535e-12 3.667e-12 3.705e-12 
 6.396e+00 	  5.402e+00 	  5.851e-10 3.391e-12 3.528e-12 3.642e-12 3.737e-12 3.816e-12 3.883e-12 3.938e-12 3.985e-12 4.136e-12 4.180e-12 
 6.270e+00 	  5.279e+00 	  6.211e-10 3.811e-12 3.968e-12 4.099e-12 4.208e-12 4.299e-12 4.376e-12 4.440e-12 4.494e-12 4.665e-12 4.717e-12 
 6.146e+00 	  5.158e+00 	  6.594e-10 4.283e-12 4.464e-12 4.614e-12 4.740e-12 4.844e-12 4.932e-12 5.006e-12 5.068e-12 5.262e-12 5.323e-12 
 6.024e+00 	  5.041e+00 	  7.000e-10 4.814e-12 5.021e-12 5.194e-12 5.339e-12 5.459e-12 5.560e-12 5.645e-12 5.717e-12 5.937e-12 6.009e-12 
 5.905e+00 	  4.925e+00 	  7.433e-10 5.411e-12 5.649e-12 5.848e-12 6.014e-12 6.153e-12 6.269e-12 6.367e-12 6.450e-12 6.700e-12 6.784e-12 
 5.788e+00 	  4.812e+00 	  7.892e-10 6.083e-12 6.357e-12 6.585e-12 6.776e-12 6.936e-12 7.070e-12 7.182e-12 7.278e-12 7.562e-12 7.661e-12 
 5.673e+00 	  4.701e+00 	  8.381e-10 6.839e-12 7.154e-12 7.416e-12 7.636e-12 7.820e-12 7.974e-12 8.103e-12 8.213e-12 8.537e-12 8.653e-12 
 5.561e+00 	  4.593e+00 	  8.900e-10 7.690e-12 8.051e-12 8.353e-12 8.606e-12 8.818e-12 8.995e-12 9.144e-12 9.271e-12 9.639e-12 9.775e-12 
 5.451e+00 	  4.486e+00 	  9.452e-10 8.647e-12 9.062e-12 9.410e-12 9.701e-12 9.944e-12 1.015e-11 1.032e-11 1.047e-11 1.088e-11 1.104e-11 
 5.343e+00 	  4.382e+00 	  1.004e-09 9.724e-12 1.020e-11 1.060e-11 1.094e-11 1.122e-11 1.145e-11 1.165e-11 1.182e-11 1.229e-11 1.248e-11 
 5.237e+00 	  4.280e+00 	  1.066e-09 1.094e-11 1.148e-11 1.195e-11 1.233e-11 1.265e-11 1.292e-11 1.315e-11 1.335e-11 1.389e-11 1.411e-11 
 5.133e+00 	  4.180e+00 	  1.133e-09 1.230e-11 1.293e-11 1.346e-11 1.390e-11 1.428e-11 1.459e-11 1.485e-11 1.508e-11 1.569e-11 1.595e-11 
 5.032e+00 	  4.082e+00 	  1.203e-09 1.384e-11 1.456e-11 1.517e-11 1.568e-11 1.611e-11 1.647e-11 1.678e-11 1.703e-11 1.774e-11 1.804e-11 
 4.932e+00 	  3.986e+00 	  1.278e-09 1.557e-11 1.640e-11 1.710e-11 1.769e-11 1.818e-11 1.860e-11 1.895e-11 1.925e-11 2.005e-11 2.041e-11 
 4.834e+00 	  3.893e+00 	  1.358e-09 1.751e-11 1.847e-11 1.928e-11 1.996e-11 2.053e-11 2.101e-11 2.141e-11 2.175e-11 2.267e-11 2.309e-11 
 4.739e+00 	  3.800e+00 	  1.443e-09 1.971e-11 2.081e-11 2.174e-11 2.252e-11 2.318e-11 2.373e-11 2.420e-11 2.459e-11 2.563e-11 2.613e-11 
 4.645e+00 	  3.710e+00 	  1.534e-09 2.218e-11 2.345e-11 2.452e-11 2.542e-11 2.618e-11 2.681e-11 2.735e-11 2.781e-11 2.899e-11 2.958e-11 
 4.553e+00 	  3.622e+00 	  1.630e-09 2.496e-11 2.642e-11 2.765e-11 2.869e-11 2.956e-11 3.030e-11 3.092e-11 3.145e-11 3.280e-11 3.349e-11 
 4.463e+00 	  3.536e+00 	  1.732e-09 2.810e-11 2.977e-11 3.119e-11 3.239e-11 3.340e-11 3.425e-11 3.497e-11 3.557e-11 3.712e-11 3.793e-11 
 4.374e+00 	  3.451e+00 	  1.841e-09 3.163e-11 3.356e-11 3.520e-11 3.658e-11 3.774e-11 3.872e-11 3.955e-11 4.025e-11 4.201e-11 4.297e-11 
 4.288e+00 	  3.368e+00 	  1.957e-09 3.560e-11 3.783e-11 3.972e-11 4.131e-11 4.265e-11 4.378e-11 4.474e-11 4.555e-11 4.756e-11 4.869e-11 
 4.203e+00 	  3.287e+00 	  2.080e-09 4.009e-11 4.265e-11 4.482e-11 4.666e-11 4.821e-11 4.951e-11 5.062e-11 5.156e-11 5.386e-11 5.518e-11 
 4.120e+00 	  3.207e+00 	  2.211e-09 4.514e-11 4.809e-11 5.059e-11 5.271e-11 5.450e-11 5.601e-11 5.729e-11 5.837e-11 6.100e-11 6.256e-11 
 4.038e+00 	  3.130e+00 	  2.351e-09 5.083e-11 5.423e-11 5.712e-11 5.956e-11 6.163e-11 6.337e-11 6.485e-11 6.611e-11 6.911e-11 7.095e-11 
 3.958e+00 	  3.053e+00 	  2.499e-09 5.725e-11 6.117e-11 6.450e-11 6.732e-11 6.970e-11 7.172e-11 7.343e-11 7.488e-11 7.831e-11 8.048e-11 
 3.880e+00 	  2.979e+00 	  2.657e-09 6.449e-11 6.900e-11 7.284e-11 7.609e-11 7.885e-11 8.118e-11 8.316e-11 8.484e-11 8.876e-11 9.132e-11 
 3.803e+00 	  2.906e+00 	  2.826e-09 7.265e-11 7.784e-11 8.227e-11 8.603e-11 8.922e-11 9.191e-11 9.420e-11 9.614e-11 1.006e-10 1.037e-10 
 3.727e+00 	  2.834e+00 	  3.005e-09 8.185e-11 8.783e-11 9.295e-11 9.729e-11 1.010e-10 1.041e-10 1.067e-10 1.090e-10 1.141e-10 1.177e-10 
 3.654e+00 	  2.764e+00 	  3.196e-09 9.222e-11 9.912e-11 1.050e-10 1.100e-10 1.143e-10 1.179e-10 1.210e-10 1.236e-10 1.295e-10 1.337e-10 
 3.581e+00 	  2.696e+00 	  3.399e-09 1.039e-10 1.119e-10 1.187e-10 1.245e-10 1.294e-10 1.336e-10 1.371e-10 1.401e-10 1.469e-10 1.518e-10 
 3.510e+00 	  2.628e+00 	  3.615e-09 1.171e-10 1.263e-10 1.342e-10 1.409e-10 1.465e-10 1.514e-10 1.555e-10 1.590e-10 1.667e-10 1.726e-10 
 3.441e+00 	  2.563e+00 	  3.845e-09 1.320e-10 1.426e-10 1.517e-10 1.594e-10 1.660e-10 1.716e-10 1.763e-10 1.804e-10 1.893e-10 1.962e-10 
 3.373e+00 	  2.498e+00 	  4.091e-09 1.488e-10 1.610e-10 1.715e-10 1.804e-10 1.881e-10 1.945e-10 2.001e-10 2.047e-10 2.149e-10 2.231e-10 
 3.306e+00 	  2.436e+00 	  4.352e-09 1.678e-10 1.818e-10 1.939e-10 2.043e-10 2.131e-10 2.206e-10 2.270e-10 2.325e-10 2.441e-10 2.537e-10 
 3.241e+00 	  2.374e+00 	  4.630e-09 1.892e-10 2.054e-10 2.194e-10 2.314e-10 2.416e-10 2.503e-10 2.577e-10 2.640e-10 2.774e-10 2.887e-10 
 3.176e+00 	  2.314e+00 	  4.926e-09 2.133e-10 2.320e-10 2.482e-10 2.621e-10 2.739e-10 2.840e-10 2.925e-10 2.999e-10 3.152e-10 3.287e-10 
 3.113e+00 	  2.255e+00 	  5.241e-09 2.405e-10 2.621e-10 2.808e-10 2.969e-10 3.106e-10 3.223e-10 3.322e-10 3.407e-10 3.584e-10 3.743e-10 
 3.052e+00 	  2.197e+00 	  5.577e-09 2.713e-10 2.962e-10 3.178e-10 3.364e-10 3.523e-10 3.659e-10 3.774e-10 3.873e-10 4.076e-10 4.264e-10 
 2.991e+00 	  2.141e+00 	  5.935e-09 3.060e-10 3.348e-10 3.598e-10 3.813e-10 3.997e-10 4.154e-10 4.289e-10 4.403e-10 4.636e-10 4.859e-10 
 2.932e+00 	  2.085e+00 	  6.315e-09 3.452e-10 3.784e-10 4.074e-10 4.323e-10 4.536e-10 4.719e-10 4.875e-10 5.008e-10 5.276e-10 5.539e-10 
 2.874e+00 	  2.031e+00 	  6.721e-09 3.895e-10 4.279e-10 4.613e-10 4.902e-10 5.150e-10 5.361e-10 5.542e-10 5.697e-10 6.005e-10 6.317e-10 
 2.817e+00 	  1.978e+00 	  7.153e-09 4.394e-10 4.838e-10 5.225e-10 5.560e-10 5.847e-10 6.093e-10 6.303e-10 6.483e-10 6.838e-10 7.207e-10 
 2.761e+00 	  1.927e+00 	  7.613e-09 4.959e-10 5.471e-10 5.919e-10 6.307e-10 6.641e-10 6.926e-10 7.170e-10 7.380e-10 7.788e-10 8.225e-10 
 2.707e+00 	  1.876e+00 	  8.103e-09 5.596e-10 6.188e-10 6.707e-10 7.157e-10 7.544e-10 7.876e-10 8.160e-10 8.403e-10 8.874e-10 9.392e-10 
 2.653e+00 	  1.827e+00 	  8.625e-09 6.317e-10 7.001e-10 7.602e-10 8.123e-10 8.572e-10 8.958e-10 9.288e-10 9.572e-10 1.011e-09 1.073e-09 
 2.601e+00 	  1.778e+00 	  9.181e-09 7.130e-10 7.921e-10 8.617e-10 9.222e-10 9.743e-10 1.019e-09 1.058e-09 1.091e-09 1.153e-09 1.226e-09 
 2.549e+00 	  1.731e+00 	  9.773e-09 8.049e-10 8.963e-10 9.769e-10 1.047e-09 1.108e-09 1.160e-09 1.205e-09 1.243e-09 1.315e-09 1.401e-09 
 2.499e+00 	  1.685e+00 	  1.040e-08 9.087e-10 1.014e-09 1.108e-09 1.189e-09 1.260e-09 1.320e-09 1.373e-09 1.417e-09 1.501e-09 1.603e-09 
 2.449e+00 	  1.639e+00 	  1.107e-08 1.026e-09 1.148e-09 1.257e-09 1.351e-09 1.433e-09 1.504e-09 1.564e-09 1.616e-09 1.713e-09 1.834e-09 
 2.401e+00 	  1.595e+00 	  1.179e-08 1.159e-09 1.300e-09 1.426e-09 1.535e-09 1.631e-09 1.713e-09 1.783e-09 1.844e-09 1.955e-09 2.099e-09 
 2.353e+00 	  1.552e+00 	  1.255e-08 1.308e-09 1.472e-09 1.618e-09 1.745e-09 1.856e-09 1.952e-09 2.034e-09 2.105e-09 2.233e-09 2.404e-09 
 2.307e+00 	  1.510e+00 	  1.336e-08 1.478e-09 1.667e-09 1.836e-09 1.984e-09 2.113e-09 2.224e-09 2.320e-09 2.403e-09 2.551e-09 2.754e-09 
 2.261e+00 	  1.468e+00 	  1.422e-08 1.669e-09 1.888e-09 2.084e-09 2.256e-09 2.406e-09 2.536e-09 2.648e-09 2.745e-09 2.916e-09 3.157e-09 
 2.216e+00 	  1.428e+00 	  1.514e-08 1.885e-09 2.139e-09 2.366e-09 2.566e-09 2.741e-09 2.892e-09 3.023e-09 3.136e-09 3.334e-09 3.621e-09 
 2.172e+00 	  1.389e+00 	  1.612e-08 2.130e-09 2.423e-09 2.687e-09 2.920e-09 3.123e-09 3.300e-09 3.452e-09 3.584e-09 3.814e-09 4.154e-09 
 2.129e+00 	  1.350e+00 	  1.716e-08 2.406e-09 2.746e-09 3.052e-09 3.323e-09 3.560e-09 3.766e-09 3.944e-09 4.097e-09 4.364e-09 4.769e-09 
 2.087e+00 	  1.312e+00 	  1.826e-08 2.718e-09 3.112e-09 3.467e-09 3.782e-09 4.059e-09 4.299e-09 4.507e-09 4.686e-09 4.995e-09 5.477e-09 
 2.046e+00 	  1.276e+00 	  1.944e-08 3.071e-09 3.527e-09 3.940e-09 4.307e-09 4.629e-09 4.909e-09 5.152e-09 5.362e-09 5.720e-09 6.293e-09 
 2.005e+00 	  1.240e+00 	  2.069e-08 3.470e-09 3.998e-09 4.478e-09 4.905e-09 5.280e-09 5.607e-09 5.891e-09 6.137e-09 6.553e-09 7.234e-09 
 1.965e+00 	  1.205e+00 	  2.203e-08 3.921e-09 4.533e-09 5.090e-09 5.587e-09 6.025e-09 6.407e-09 6.740e-09 7.027e-09 7.509e-09 8.321e-09 
 1.927e+00 	  1.171e+00 	  2.344e-08 4.431e-09 5.139e-09 5.787e-09 6.366e-09 6.877e-09 7.324e-09 7.712e-09 8.049e-09 8.609e-09 9.575e-09 
 1.888e+00 	  1.137e+00 	  2.495e-08 5.007e-09 5.828e-09 6.581e-09 7.256e-09 7.852e-09 8.374e-09 8.829e-09 9.223e-09 9.874e-09 1.102e-08 
 1.851e+00 	  1.104e+00 	  2.655e-08 5.658e-09 6.610e-09 7.485e-09 8.271e-09 8.968e-09 9.579e-09 1.011e-08 1.057e-08 1.133e-08 1.270e-08 
 1.814e+00 	  1.073e+00 	  2.825e-08 6.395e-09 7.498e-09 8.515e-09 9.432e-09 1.025e-08 1.096e-08 1.158e-08 1.212e-08 1.300e-08 1.464e-08 
 1.778e+00 	  1.042e+00 	  3.006e-08 7.227e-09 8.505e-09 9.688e-09 1.076e-08 1.171e-08 1.254e-08 1.327e-08 1.391e-08 1.493e-08 1.688e-08 
 1.743e+00 	  1.011e+00 	  3.197e-08 8.167e-09 9.649e-09 1.103e-08 1.227e-08 1.338e-08 1.436e-08 1.522e-08 1.596e-08 1.715e-08 1.948e-08 
 1.709e+00 	  9.816e-01 	  3.401e-08 9.230e-09 1.095e-08 1.255e-08 1.400e-08 1.530e-08 1.645e-08 1.745e-08 1.833e-08 1.971e-08 2.249e-08 
 1.675e+00 	  9.528e-01 	  3.618e-08 1.043e-08 1.242e-08 1.429e-08 1.598e-08 1.750e-08 1.884e-08 2.002e-08 2.105e-08 2.267e-08 2.598e-08 
 1.642e+00 	  9.246e-01 	  3.847e-08 1.179e-08 1.410e-08 1.627e-08 1.825e-08 2.002e-08 2.160e-08 2.298e-08 2.418e-08 2.607e-08 3.003e-08 
 1.609e+00 	  8.972e-01 	  4.091e-08 1.332e-08 1.600e-08 1.852e-08 2.084e-08 2.292e-08 2.476e-08 2.638e-08 2.780e-08 3.000e-08 3.472e-08 
 1.577e+00 	  8.704e-01 	  4.349e-08 1.505e-08 1.816e-08 2.110e-08 2.380e-08 2.623e-08 2.840e-08 3.030e-08 3.197e-08 3.453e-08 4.018e-08 
 1.546e+00 	  8.443e-01 	  4.622e-08 1.701e-08 2.061e-08 2.403e-08 2.719e-08 3.004e-08 3.258e-08 3.481e-08 3.677e-08 3.977e-08 4.652e-08 
 1.515e+00 	  8.188e-01 	  4.912e-08 1.922e-08 2.340e-08 2.738e-08 3.107e-08 3.441e-08 3.738e-08 4.001e-08 4.232e-08 4.582e-08 5.389e-08 
 1.485e+00 	  7.940e-01 	  5.219e-08 2.171e-08 2.656e-08 3.120e-08 3.551e-08 3.942e-08 4.291e-08 4.600e-08 4.872e-08 5.282e-08 6.247e-08 
 1.456e+00 	  7.699e-01 	  5.545e-08 2.453e-08 3.015e-08 3.556e-08 4.060e-08 4.518e-08 4.928e-08 5.291e-08 5.611e-08 6.090e-08 7.245e-08 
 1.427e+00 	  7.463e-01 	  5.889e-08 2.771e-08 3.423e-08 4.053e-08 4.642e-08 5.179e-08 5.661e-08 6.088e-08 6.465e-08 7.026e-08 8.408e-08 
 1.399e+00 	  7.234e-01 	  6.252e-08 3.130e-08 3.886e-08 4.620e-08 5.309e-08 5.938e-08 6.505e-08 7.008e-08 7.452e-08 8.109e-08 9.763e-08 
 1.371e+00 	  7.010e-01 	  6.637e-08 3.534e-08 4.412e-08 5.267e-08 6.073e-08 6.811e-08 7.477e-08 8.069e-08 8.593e-08 9.363e-08 1.134e-07 
 1.344e+00 	  6.793e-01 	  7.043e-08 3.991e-08 5.009e-08 6.006e-08 6.948e-08 7.814e-08 8.597e-08 9.295e-08 9.913e-08 1.081e-07 1.319e-07 
 1.317e+00 	  6.581e-01 	  7.471e-08 4.506e-08 5.686e-08 6.848e-08 7.950e-08 8.967e-08 9.888e-08 1.071e-07 1.144e-07 1.250e-07 1.534e-07 
 1.291e+00 	  6.375e-01 	  7.924e-08 5.086e-08 6.456e-08 7.810e-08 9.099e-08 1.029e-07 1.138e-07 1.235e-07 1.321e-07 1.445e-07 1.786e-07 
 1.266e+00 	  6.174e-01 	  8.401e-08 5.741e-08 7.328e-08 8.907e-08 1.042e-07 1.182e-07 1.309e-07 1.424e-07 1.525e-07 1.671e-07 2.080e-07 
 1.241e+00 	  5.979e-01 	  8.903e-08 6.478e-08 8.319e-08 1.016e-07 1.193e-07 1.357e-07 1.507e-07 1.642e-07 1.762e-07 1.934e-07 2.424e-07 
 1.216e+00 	  5.789e-01 	  9.432e-08 7.308e-08 9.443e-08 1.159e-07 1.366e-07 1.559e-07 1.736e-07 1.895e-07 2.037e-07 2.238e-07 2.827e-07 
 1.192e+00 	  5.604e-01 	  9.988e-08 8.243e-08 1.072e-07 1.322e-07 1.564e-07 1.791e-07 2.000e-07 2.188e-07 2.355e-07 2.592e-07 3.298e-07 
 1.169e+00 	  5.424e-01 	  1.057e-07 9.296e-08 1.216e-07 1.508e-07 1.792e-07 2.059e-07 2.304e-07 2.526e-07 2.725e-07 3.003e-07 3.851e-07 
 1.145e+00 	  5.250e-01 	  1.119e-07 1.048e-07 1.380e-07 1.720e-07 2.052e-07 2.366e-07 2.656e-07 2.918e-07 3.153e-07 3.480e-07 4.499e-07 
 1.123e+00 	  5.080e-01 	  1.183e-07 1.181e-07 1.566e-07 1.962e-07 2.352e-07 2.721e-07 3.062e-07 3.372e-07 3.650e-07 4.036e-07 5.259e-07 
 1.100e+00 	  4.915e-01 	  1.251e-07 1.331e-07 1.777e-07 2.239e-07 2.695e-07 3.129e-07 3.531e-07 3.898e-07 4.227e-07 4.681e-07 6.151e-07 
 1.079e+00 	  4.754e-01 	  1.322e-07 1.499e-07 2.015e-07 2.554e-07 3.088e-07 3.598e-07 4.073e-07 4.507e-07 4.897e-07 5.432e-07 7.199e-07 
 1.057e+00 	  4.598e-01 	  1.396e-07 1.688e-07 2.286e-07 2.913e-07 3.539e-07 4.140e-07 4.700e-07 5.213e-07 5.676e-07 6.307e-07 8.431e-07 
 1.036e+00 	  4.447e-01 	  1.473e-07 1.900e-07 2.592e-07 3.323e-07 4.057e-07 4.763e-07 5.425e-07 6.031e-07 6.580e-07 7.325e-07 9.880e-07 
 1.016e+00 	  4.300e-01 	  1.554e-07 2.137e-07 2.938e-07 3.791e-07 4.650e-07 5.481e-07 6.262e-07 6.981e-07 7.632e-07 8.511e-07 1.158e-06 
 9.957e-01 	  4.157e-01 	  1.638e-07 2.404e-07 3.331e-07 4.324e-07 5.331e-07 6.309e-07 7.231e-07 8.082e-07 8.854e-07 9.893e-07 1.359e-06 
 9.760e-01 	  4.018e-01 	  1.726e-07 2.703e-07 3.774e-07 4.931e-07 6.111e-07 7.263e-07 8.352e-07 9.360e-07 1.028e-06 1.150e-06 1.595e-06 
 9.567e-01 	  3.884e-01 	  1.818e-07 3.037e-07 4.276e-07 5.624e-07 7.006e-07 8.362e-07 9.649e-07 1.084e-06 1.193e-06 1.338e-06 1.874e-06 
 9.378e-01 	  3.753e-01 	  1.913e-07 3.411e-07 4.843e-07 6.413e-07 8.032e-07 9.628e-07 1.115e-06 1.256e-06 1.386e-06 1.557e-06 2.203e-06 
 9.192e-01 	  3.626e-01 	  2.012e-07 3.830e-07 5.483e-07 7.311e-07 9.209e-07 1.109e-06 1.289e-06 1.456e-06 1.610e-06 1.813e-06 2.590e-06 
 9.010e-01 	  3.503e-01 	  2.114e-07 4.297e-07 6.207e-07 8.334e-07 1.056e-06 1.277e-06 1.490e-06 1.689e-06 1.871e-06 2.111e-06 3.048e-06 
 8.831e-01 	  3.384e-01 	  2.220e-07 4.819e-07 7.023e-07 9.499e-07 1.210e-06 1.471e-06 1.722e-06 1.958e-06 2.175e-06 2.460e-06 3.588e-06 
 8.657e-01 	  3.268e-01 	  2.329e-07 5.402e-07 7.944e-07 1.083e-06 1.388e-06 1.695e-06 1.992e-06 2.272e-06 2.530e-06 2.867e-06 4.227e-06 
 8.485e-01 	  3.156e-01 	  2.442e-07 6.051e-07 8.982e-07 1.233e-06 1.591e-06 1.952e-06 2.304e-06 2.636e-06 2.943e-06 3.342e-06 4.982e-06 
 8.317e-01 	  3.048e-01 	  2.559e-07 6.775e-07 1.015e-06 1.405e-06 1.823e-06 2.249e-06 2.665e-06 3.059e-06 3.425e-06 3.898e-06 5.876e-06 
 8.152e-01 	  2.942e-01 	  2.678e-07 7.580e-07 1.147e-06 1.600e-06 2.090e-06 2.591e-06 3.083e-06 3.551e-06 3.987e-06 4.548e-06 6.934e-06 
 7.991e-01 	  2.840e-01 	  2.801e-07 8.475e-07 1.295e-06 1.822e-06 2.395e-06 2.986e-06 3.568e-06 4.124e-06 4.642e-06 5.309e-06 8.186e-06 
 7.833e-01 	  2.742e-01 	  2.927e-07 9.470e-07 1.462e-06 2.073e-06 2.745e-06 3.440e-06 4.129e-06 4.789e-06 5.407e-06 6.198e-06 9.670e-06 
 7.678e-01 	  2.646e-01 	  3.057e-07 1.057e-06 1.649e-06 2.359e-06 3.145e-06 3.964e-06 4.779e-06 5.563e-06 6.299e-06 7.239e-06 1.143e-05 
 7.526e-01 	  2.553e-01 	  3.188e-07 1.180e-06 1.860e-06 2.684e-06 3.603e-06 4.567e-06 5.532e-06 6.464e-06 7.341e-06 8.457e-06 1.351e-05 
 7.377e-01 	  2.463e-01 	  3.323e-07 1.315e-06 2.096e-06 3.052e-06 4.127e-06 5.263e-06 6.404e-06 7.511e-06 8.557e-06 9.884e-06 1.599e-05 
 7.231e-01 	  2.377e-01 	  3.460e-07 1.465e-06 2.361e-06 3.469e-06 4.727e-06 6.063e-06 7.414e-06 8.730e-06 9.977e-06 1.156e-05 1.893e-05 
 7.087e-01 	  2.292e-01 	  3.598e-07 1.631e-06 2.657e-06 3.941e-06 5.412e-06 6.986e-06 8.585e-06 1.015e-05 1.164e-05 1.351e-05 2.241e-05 
 6.947e-01 	  2.211e-01 	  3.739e-07 1.814e-06 2.989e-06 4.477e-06 6.196e-06 8.048e-06 9.940e-06 1.180e-05 1.357e-05 1.581e-05 2.656e-05 
 6.809e-01 	  2.132e-01 	  3.881e-07 2.015e-06 3.361e-06 5.082e-06 7.091e-06 9.270e-06 1.151e-05 1.372e-05 1.584e-05 1.850e-05 3.148e-05 
 6.675e-01 	  2.056e-01 	  4.024e-07 2.238e-06 3.775e-06 5.768e-06 8.113e-06 1.068e-05 1.333e-05 1.596e-05 1.848e-05 2.165e-05 3.734e-05 
 6.542e-01 	  1.983e-01 	  4.168e-07 2.482e-06 4.239e-06 6.542e-06 9.280e-06 1.230e-05 1.544e-05 1.856e-05 2.158e-05 2.535e-05 4.431e-05 
 6.413e-01 	  1.911e-01 	  4.313e-07 2.750e-06 4.755e-06 7.416e-06 1.061e-05 1.416e-05 1.787e-05 2.159e-05 2.519e-05 2.968e-05 5.259e-05 
 6.286e-01 	  1.843e-01 	  4.457e-07 3.045e-06 5.330e-06 8.403e-06 1.213e-05 1.630e-05 2.070e-05 2.512e-05 2.942e-05 3.477e-05 6.246e-05 
 6.161e-01 	  1.776e-01 	  4.601e-07 3.367e-06 5.971e-06 9.516e-06 1.386e-05 1.877e-05 2.397e-05 2.923e-05 3.436e-05 4.074e-05 7.421e-05 
 6.039e-01 	  1.712e-01 	  4.745e-07 3.720e-06 6.682e-06 1.077e-05 1.583e-05 2.160e-05 2.775e-05 3.401e-05 4.014e-05 4.775e-05 8.821e-05 
 5.920e-01 	  1.650e-01 	  4.887e-07 4.105e-06 7.472e-06 1.218e-05 1.808e-05 2.485e-05 3.214e-05 3.958e-05 4.690e-05 5.598e-05 1.049e-04 
 5.803e-01 	  1.590e-01 	  5.027e-07 4.526e-06 8.348e-06 1.377e-05 2.064e-05 2.859e-05 3.721e-05 4.606e-05 5.481e-05 6.565e-05 1.248e-04 
 5.688e-01 	  1.532e-01 	  5.165e-07 4.983e-06 9.319e-06 1.555e-05 2.354e-05 3.289e-05 4.307e-05 5.360e-05 6.406e-05 7.699e-05 1.485e-04 
 5.575e-01 	  1.476e-01 	  5.300e-07 5.481e-06 1.039e-05 1.756e-05 2.685e-05 3.781e-05 4.986e-05 6.239e-05 7.488e-05 9.033e-05 1.768e-04 
 5.465e-01 	  1.422e-01 	  5.432e-07 6.022e-06 1.158e-05 1.980e-05 3.060e-05 4.347e-05 5.771e-05 7.261e-05 8.754e-05 1.060e-04 2.105e-04 
 5.357e-01 	  1.370e-01 	  5.561e-07 6.607e-06 1.289e-05 2.232e-05 3.486e-05 4.995e-05 6.679e-05 8.451e-05 1.024e-04 1.244e-04 2.508e-04 
 5.250e-01 	  1.319e-01 	  5.685e-07 7.241e-06 1.433e-05 2.514e-05 3.969e-05 5.738e-05 7.728e-05 9.836e-05 1.197e-04 1.460e-04 2.990e-04 
 5.147e-01 	  1.270e-01 	  5.804e-07 7.925e-06 1.591e-05 2.829e-05 4.516e-05 6.590e-05 8.941e-05 1.145e-04 1.400e-04 1.714e-04 3.564e-04 
 5.045e-01 	  1.224e-01 	  5.918e-07 8.663e-06 1.765e-05 3.181e-05 5.136e-05 7.565e-05 1.034e-04 1.332e-04 1.637e-04 2.013e-04 4.251e-04 
 4.945e-01 	  1.178e-01 	  6.027e-07 9.457e-06 1.956e-05 3.573e-05 5.837e-05 8.680e-05 1.196e-04 1.550e-04 1.915e-04 2.365e-04 5.071e-04 
 4.847e-01 	  1.134e-01 	  6.129e-07 1.031e-05 2.165e-05 4.011e-05 6.630e-05 9.957e-05 1.383e-04 1.804e-04 2.240e-04 2.778e-04 6.051e-04 
 4.751e-01 	  1.092e-01 	  6.225e-07 1.122e-05 2.393e-05 4.497e-05 7.525e-05 1.142e-04 1.598e-04 2.099e-04 2.620e-04 3.264e-04 7.224e-04 
 4.657e-01 	  1.052e-01 	  6.313e-07 1.220e-05 2.642e-05 5.038e-05 8.535e-05 1.308e-04 1.847e-04 2.443e-04 3.066e-04 3.835e-04 8.625e-04 
 4.565e-01 	  1.012e-01 	  6.395e-07 1.325e-05 2.914e-05 5.637e-05 9.674e-05 1.498e-04 2.134e-04 2.842e-04 3.587e-04 4.508e-04 1.030e-03 
 4.474e-01 	  9.746e-02 	  6.469e-07 1.436e-05 3.209e-05 6.302e-05 1.096e-04 1.716e-04 2.465e-04 3.306e-04 4.196e-04 5.299e-04 1.231e-03 
 4.386e-01 	  9.381e-02 	  6.534e-07 1.555e-05 3.529e-05 7.037e-05 1.240e-04 1.963e-04 2.846e-04 3.845e-04 4.910e-04 6.229e-04 1.471e-03 
 4.299e-01 	  9.029e-02 	  6.591e-07 1.680e-05 3.876e-05 7.849e-05 1.402e-04 2.245e-04 3.285e-04 4.472e-04 5.744e-04 7.324e-04 1.758e-03 
 4.214e-01 	  8.690e-02 	  6.640e-07 1.813e-05 4.250e-05 8.745e-05 1.584e-04 2.566e-04 3.791e-04 5.199e-04 6.721e-04 8.613e-04 2.102e-03 
 4.130e-01 	  8.363e-02 	  6.680e-07 1.954e-05 4.654e-05 9.731e-05 1.787e-04 2.931e-04 4.372e-04 6.045e-04 7.863e-04 1.013e-03 2.513e-03 
 4.048e-01 	  8.048e-02 	  6.711e-07 2.102e-05 5.089e-05 1.082e-04 2.016e-04 3.345e-04 5.041e-04 7.026e-04 9.199e-04 1.191e-03 3.006e-03 
 3.968e-01 	  7.745e-02 	  6.732e-07 2.258e-05 5.556e-05 1.200e-04 2.271e-04 3.816e-04 5.810e-04 8.165e-04 1.076e-03 1.401e-03 3.597e-03 
 3.890e-01 	  7.452e-02 	  6.745e-07 2.421e-05 6.056e-05 1.331e-04 2.555e-04 4.350e-04 6.693e-04 9.486e-04 1.259e-03 1.648e-03 4.304e-03 
 3.813e-01 	  7.171e-02 	  6.748e-07 2.592e-05 6.590e-05 1.473e-04 2.873e-04 4.955e-04 7.706e-04 1.102e-03 1.473e-03 1.939e-03 5.151e-03 
 3.737e-01 	  6.899e-02 	  6.743e-07 2.770e-05 7.160e-05 1.628e-04 3.227e-04 5.640e-04 8.869e-04 1.280e-03 1.723e-03 2.282e-03 6.165e-03 
 3.663e-01 	  6.637e-02 	  6.728e-07 2.955e-05 7.766e-05 1.798e-04 3.620e-04 6.414e-04 1.020e-03 1.485e-03 2.015e-03 2.685e-03 7.381e-03 
 3.591e-01 	  6.385e-02 	  6.704e-07 3.148e-05 8.408e-05 1.981e-04 4.056e-04 7.289e-04 1.173e-03 1.724e-03 2.356e-03 3.159e-03 8.838e-03 
 3.519e-01 	  6.143e-02 	  6.671e-07 3.348e-05 9.088e-05 2.181e-04 4.539e-04 8.276e-04 1.348e-03 2.000e-03 2.756e-03 3.718e-03 1.058e-02 
 3.450e-01 	  5.909e-02 	  6.629e-07 3.554e-05 9.805e-05 2.396e-04 5.074e-04 9.389e-04 1.548e-03 2.320e-03 3.222e-03 4.375e-03 1.268e-02 
 3.381e-01 	  5.684e-02 	  6.579e-07 3.766e-05 1.056e-04 2.629e-04 5.664e-04 1.064e-03 1.776e-03 2.690e-03 3.767e-03 5.149e-03 1.518e-02 
 3.315e-01 	  5.467e-02 	  6.521e-07 3.983e-05 1.135e-04 2.879e-04 6.315e-04 1.205e-03 2.037e-03 3.118e-03 4.403e-03 6.060e-03 1.819e-02 
 3.249e-01 	  5.259e-02 	  6.455e-07 4.206e-05 1.217e-04 3.147e-04 7.031e-04 1.363e-03 2.335e-03 3.612e-03 5.145e-03 7.132e-03 2.179e-02 
 3.185e-01 	  5.058e-02 	  6.381e-07 4.433e-05 1.303e-04 3.435e-04 7.817e-04 1.540e-03 2.675e-03 4.184e-03 6.012e-03 8.394e-03 2.611e-02 
 3.122e-01 	  4.864e-02 	  6.301e-07 4.665e-05 1.393e-04 3.742e-04 8.679e-04 1.738e-03 3.061e-03 4.843e-03 7.024e-03 9.880e-03 3.129e-02 
 3.060e-01 	  4.678e-02 	  6.213e-07 4.899e-05 1.485e-04 4.069e-04 9.621e-04 1.960e-03 3.501e-03 5.604e-03 8.205e-03 1.163e-02 3.749e-02 
 2.999e-01 	  4.499e-02 	  6.119e-07 5.137e-05 1.580e-04 4.416e-04 1.065e-03 2.208e-03 4.001e-03 6.481e-03 9.582e-03 1.368e-02 4.493e-02 
 2.940e-01 	  4.326e-02 	  6.020e-07 5.376e-05 1.678e-04 4.783e-04 1.177e-03 2.483e-03 4.569e-03 7.492e-03 1.119e-02 1.611e-02 5.385e-02 
 2.882e-01 	  4.160e-02 	  5.914e-07 5.616e-05 1.778e-04 5.170e-04 1.298e-03 2.790e-03 5.213e-03 8.657e-03 1.306e-02 1.895e-02 6.454e-02 
 2.824e-01 	  4.000e-02 	  5.804e-07 5.856e-05 1.880e-04 5.577e-04 1.430e-03 3.131e-03 5.943e-03 9.997e-03 1.524e-02 2.231e-02 7.736e-02 
 2.769e-01 	  3.847e-02 	  5.689e-07 6.096e-05 1.983e-04 6.004e-04 1.572e-03 3.509e-03 6.768e-03 1.154e-02 1.778e-02 2.625e-02 9.272e-02 
 2.714e-01 	  3.699e-02 	  5.571e-07 6.334e-05 2.087e-04 6.448e-04 1.725e-03 3.926e-03 7.701e-03 1.331e-02 2.073e-02 3.089e-02 1.111e-01 
 2.660e-01 	  3.556e-02 	  5.448e-07 6.570e-05 2.192e-04 6.911e-04 1.890e-03 4.388e-03 8.754e-03 1.534e-02 2.417e-02 3.634e-02 1.332e-01 
 2.607e-01 	  3.419e-02 	  5.323e-07 6.802e-05 2.297e-04 7.389e-04 2.066e-03 4.896e-03 9.940e-03 1.767e-02 2.817e-02 4.275e-02 1.596e-01 
 2.556e-01 	  3.287e-02 	  5.195e-07 7.031e-05 2.400e-04 7.882e-04 2.254e-03 5.455e-03 1.128e-02 2.035e-02 3.283e-02 5.030e-02 1.913e-01 
 2.505e-01 	  3.161e-02 	  5.064e-07 7.255e-05 2.503e-04 8.387e-04 2.454e-03 6.069e-03 1.278e-02 2.341e-02 3.823e-02 5.917e-02 2.293e-01 
 2.455e-01 	  3.039e-02 	  4.932e-07 7.473e-05 2.604e-04 8.903e-04 2.667e-03 6.740e-03 1.446e-02 2.691e-02 4.451e-02 6.959e-02 2.748e-01 
 2.407e-01 	  2.921e-02 	  4.799e-07 7.686e-05 2.702e-04 9.426e-04 2.891e-03 7.473e-03 1.635e-02 3.091e-02 5.181e-02 8.184e-02 3.293e-01 
 2.359e-01 	  2.808e-02 	  4.665e-07 7.891e-05 2.797e-04 9.955e-04 3.128e-03 8.272e-03 1.846e-02 3.548e-02 6.027e-02 9.624e-02 3.946e-01 
 2.312e-01 	  2.700e-02 	  4.530e-07 8.088e-05 2.888e-04 1.049e-03 3.375e-03 9.140e-03 2.081e-02 4.069e-02 7.008e-02 1.132e-01 4.727e-01 
 2.267e-01 	  2.595e-02 	  4.395e-07 8.278e-05 2.975e-04 1.101e-03 3.634e-03 1.008e-02 2.344e-02 4.663e-02 8.145e-02 1.330e-01 5.663e-01 
 2.222e-01 	  2.495e-02 	  4.261e-07 8.459e-05 3.057e-04 1.154e-03 3.904e-03 1.109e-02 2.636e-02 5.339e-02 9.463e-02 1.564e-01 6.784e-01 
 2.178e-01 	  2.398e-02 	  4.126e-07 8.630e-05 3.133e-04 1.205e-03 4.182e-03 1.219e-02 2.960e-02 6.107e-02 1.099e-01 1.837e-01 8.125e-01 
 2.135e-01 	  2.305e-02 	  3.993e-07 8.793e-05 3.202e-04 1.255e-03 4.469e-03 1.336e-02 3.320e-02 6.979e-02 1.275e-01 2.159e-01 9.730e-01 
 2.092e-01 	  2.216e-02 	  3.861e-07 8.946e-05 3.266e-04 1.303e-03 4.763e-03 1.462e-02 3.717e-02 7.968e-02 1.479e-01 2.536e-01 1.165e+00 
 2.051e-01 	  2.130e-02 	  3.731e-07 9.089e-05 3.322e-04 1.349e-03 5.062e-03 1.596e-02 4.155e-02 9.088e-02 1.715e-01 2.979e-01 1.395e+00 
 2.010e-01 	  2.048e-02 	  3.602e-07 9.222e-05 3.370e-04 1.393e-03 5.364e-03 1.738e-02 4.638e-02 1.035e-01 1.987e-01 3.498e-01 1.669e+00 
 1.971e-01 	  1.968e-02 	  3.475e-07 9.345e-05 3.411e-04 1.433e-03 5.668e-03 1.889e-02 5.167e-02 1.178e-01 2.300e-01 4.107e-01 1.998e+00 
 1.932e-01 	  1.892e-02 	  3.350e-07 9.459e-05 3.444e-04 1.470e-03 5.972e-03 2.047e-02 5.747e-02 1.339e-01 2.662e-01 4.821e-01 2.390e+00 
 1.893e-01 	  1.818e-02 	  3.227e-07 9.563e-05 3.469e-04 1.503e-03 6.272e-03 2.214e-02 6.381e-02 1.521e-01 3.078e-01 5.657e-01 2.859e+00 
 1.856e-01 	  1.748e-02 	  3.107e-07 9.658e-05 3.485e-04 1.531e-03 6.567e-03 2.387e-02 7.071e-02 1.724e-01 3.556e-01 6.637e-01 3.420e+00 
 1.819e-01 	  1.680e-02 	  2.989e-07 9.744e-05 3.493e-04 1.555e-03 6.852e-03 2.568e-02 7.821e-02 1.953e-01 4.107e-01 7.785e-01 4.089e+00 
 1.783e-01 	  1.614e-02 	  2.874e-07 9.821e-05 3.493e-04 1.574e-03 7.127e-03 2.755e-02 8.633e-02 2.209e-01 4.738e-01 9.128e-01 4.888e+00 
 1.748e-01 	  1.552e-02 	  2.762e-07 9.889e-05 3.485e-04 1.588e-03 7.387e-03 2.946e-02 9.509e-02 2.494e-01 5.463e-01 1.070e+00 5.841e+00 
 1.713e-01 	  1.491e-02 	  2.653e-07 9.950e-05 3.470e-04 1.596e-03 7.629e-03 3.142e-02 1.045e-01 2.813e-01 6.294e-01 1.254e+00 6.979e+00 
 1.679e-01 	  1.433e-02 	  2.546e-07 1.000e-04 3.447e-04 1.599e-03 7.851e-03 3.341e-02 1.146e-01 3.168e-01 7.244e-01 1.469e+00 8.335e+00 
 1.646e-01 	  1.377e-02 	  2.443e-07 1.005e-04 3.417e-04 1.596e-03 8.048e-03 3.542e-02 1.254e-01 3.562e-01 8.331e-01 1.720e+00 9.952e+00 
 1.613e-01 	  1.324e-02 	  2.342e-07 1.009e-04 3.381e-04 1.587e-03 8.220e-03 3.742e-02 1.369e-01 3.999e-01 9.572e-01 2.014e+00 1.188e+01 
 1.581e-01 	  1.272e-02 	  2.244e-07 1.013e-04 3.338e-04 1.573e-03 8.362e-03 3.940e-02 1.490e-01 4.482e-01 1.099e+00 2.356e+00 1.417e+01 
 1.550e-01 	  1.223e-02 	  2.150e-07 1.016e-04 3.291e-04 1.554e-03 8.472e-03 4.135e-02 1.619e-01 5.015e-01 1.260e+00 2.757e+00 1.691e+01 
 1.519e-01 	  1.175e-02 	  2.058e-07 1.018e-04 3.238e-04 1.529e-03 8.549e-03 4.324e-02 1.753e-01 5.601e-01 1.444e+00 3.223e+00 2.016e+01 
 1.489e-01 	  1.129e-02 	  1.970e-07 1.020e-04 3.182e-04 1.499e-03 8.589e-03 4.505e-02 1.894e-01 6.244e-01 1.652e+00 3.768e+00 2.403e+01 
 1.460e-01 	  1.085e-02 	  1.884e-07 1.022e-04 3.122e-04 1.465e-03 8.593e-03 4.675e-02 2.039e-01 6.947e-01 1.889e+00 4.402e+00 2.863e+01 
 1.431e-01 	  1.043e-02 	  1.802e-07 1.023e-04 3.059e-04 1.426e-03 8.558e-03 4.833e-02 2.190e-01 7.714e-01 2.157e+00 5.142e+00 3.409e+01 
 1.403e-01 	  1.002e-02 	  1.722e-07 1.025e-04 2.993e-04 1.384e-03 8.485e-03 4.977e-02 2.345e-01 8.549e-01 2.460e+00 6.002e+00 4.059e+01 
 1.375e-01 	  9.631e-03 	  1.645e-07 1.026e-04 2.926e-04 1.338e-03 8.374e-03 5.103e-02 2.502e-01 9.454e-01 2.802e+00 7.004e+00 4.830e+01 
 1.348e-01 	  9.255e-03 	  1.571e-07 1.026e-04 2.858e-04 1.289e-03 8.225e-03 5.209e-02 2.662e-01 1.043e+00 3.188e+00 8.169e+00 5.745e+01 
 1.321e-01 	  8.894e-03 	  1.500e-07 1.027e-04 2.790e-04 1.239e-03 8.041e-03 5.295e-02 2.821e-01 1.148e+00 3.622e+00 9.523e+00 6.829e+01 
 1.295e-01 	  8.547e-03 	  1.432e-07 1.028e-04 2.722e-04 1.186e-03 7.822e-03 5.356e-02 2.980e-01 1.261e+00 4.110e+00 1.110e+01 8.115e+01 
 1.269e-01 	  8.213e-03 	  1.366e-07 1.029e-04 2.654e-04 1.132e-03 7.571e-03 5.393e-02 3.137e-01 1.382e+00 4.658e+00 1.292e+01 9.639e+01 
 1.244e-01 	  7.892e-03 	  1.303e-07 1.030e-04 2.587e-04 1.078e-03 7.291e-03 5.404e-02 3.289e-01 1.510e+00 5.271e+00 1.504e+01 1.144e+02 
 1.219e-01 	  7.584e-03 	  1.242e-07 1.030e-04 2.521e-04 1.024e-03 6.986e-03 5.387e-02 3.435e-01 1.646e+00 5.955e+00 1.750e+01 1.358e+02 
 1.195e-01 	  7.288e-03 	  1.183e-07 1.031e-04 2.457e-04 9.699e-04 6.659e-03 5.343e-02 3.573e-01 1.789e+00 6.718e+00 2.035e+01 1.610e+02 
 1.172e-01 	  7.003e-03 	  1.128e-07 1.032e-04 2.395e-04 9.168e-04 6.314e-03 5.270e-02 3.701e-01 1.939e+00 7.567e+00 2.365e+01 1.908e+02 
 1.148e-01 	  6.729e-03 	  1.074e-07 1.033e-04 2.335e-04 8.648e-04 5.955e-03 5.170e-02 3.817e-01 2.095e+00 8.509e+00 2.747e+01 2.261e+02 
 1.126e-01 	  6.467e-03 	  1.023e-07 1.035e-04 2.277e-04 8.145e-04 5.588e-03 5.042e-02 3.919e-01 2.257e+00 9.552e+00 3.189e+01 2.676e+02 
 1.103e-01 	  6.214e-03 	  9.734e-08 1.036e-04 2.222e-04 7.660e-04 5.216e-03 4.889e-02 4.005e-01 2.425e+00 1.070e+01 3.700e+01 3.167e+02 
 1.081e-01 	  5.971e-03 	  9.262e-08 1.038e-04 2.169e-04 7.196e-04 4.843e-03 4.712e-02 4.073e-01 2.596e+00 1.197e+01 4.289e+01 3.745e+02 
 1.060e-01 	  5.738e-03 	  8.812e-08 1.040e-04 2.119e-04 6.755e-04 4.474e-03 4.513e-02 4.121e-01 2.769e+00 1.337e+01 4.971e+01 4.426e+02 
 1.039e-01 	  5.513e-03 	  8.381e-08 1.042e-04 2.072e-04 6.339e-04 4.112e-03 4.294e-02 4.148e-01 2.944e+00 1.490e+01 5.756e+01 5.228e+02 
 1.018e-01 	  5.298e-03 	  7.968e-08 1.044e-04 2.027e-04 5.947e-04 3.761e-03 4.059e-02 4.153e-01 3.118e+00 1.657e+01 6.662e+01 6.172e+02 
 9.983e-02 	  5.090e-03 	  7.574e-08 1.046e-04 1.985e-04 5.582e-04 3.423e-03 3.811e-02 4.135e-01 3.291e+00 1.838e+01 7.705e+01 7.281e+02 
 9.786e-02 	  4.891e-03 	  7.198e-08 1.049e-04 1.946e-04 5.243e-04 3.102e-03 3.553e-02 4.092e-01 3.459e+00 2.036e+01 8.907e+01 8.584e+02 
 9.592e-02 	  4.700e-03 	  6.839e-08 1.052e-04 1.909e-04 4.929e-04 2.799e-03 3.289e-02 4.026e-01 3.621e+00 2.250e+01 1.029e+02 1.011e+03 
 9.402e-02 	  4.516e-03 	  6.495e-08 1.056e-04 1.875e-04 4.639e-04 2.516e-03 3.022e-02 3.937e-01 3.775e+00 2.480e+01 1.188e+02 1.191e+03 
 9.216e-02 	  4.340e-03 	  6.168e-08 1.059e-04 1.843e-04 4.374e-04 2.254e-03 2.756e-02 3.824e-01 3.918e+00 2.727e+01 1.370e+02 1.401e+03 
 9.033e-02 	  4.170e-03 	  5.856e-08 1.063e-04 1.814e-04 4.131e-04 2.013e-03 2.494e-02 3.690e-01 4.048e+00 2.992e+01 1.580e+02 1.648e+03 
 8.854e-02 	  4.007e-03 	  5.558e-08 1.067e-04 1.787e-04 3.910e-04 1.794e-03 2.240e-02 3.536e-01 4.163e+00 3.275e+01 1.820e+02 1.937e+03 
 8.679e-02 	  3.850e-03 	  5.274e-08 1.071e-04 1.762e-04 3.709e-04 1.596e-03 1.995e-02 3.364e-01 4.260e+00 3.574e+01 2.095e+02 2.274e+03 
 8.507e-02 	  3.699e-03 	  5.003e-08 1.076e-04 1.739e-04 3.527e-04 1.419e-03 1.763e-02 3.176e-01 4.337e+00 3.891e+01 2.411e+02 2.669e+03 
 8.339e-02 	  3.554e-03 	  4.745e-08 1.080e-04 1.718e-04 3.362e-04 1.261e-03 1.545e-02 2.975e-01 4.393e+00 4.223e+01 2.772e+02 3.131e+03 
 8.174e-02 	  3.415e-03 	  4.499e-08 1.085e-04 1.698e-04 3.213e-04 1.121e-03 1.343e-02 2.765e-01 4.425e+00 4.571e+01 3.185e+02 3.669e+03 
 8.012e-02 	  3.282e-03 	  4.265e-08 1.091e-04 1.681e-04 3.078e-04 9.988e-04 1.158e-02 2.548e-01 4.431e+00 4.933e+01 3.657e+02 4.298e+03 
 7.853e-02 	  3.153e-03 	  4.043e-08 1.096e-04 1.665e-04 2.957e-04 8.919e-04 9.908e-03 2.328e-01 4.412e+00 5.306e+01 4.197e+02 5.030e+03 
 7.698e-02 	  3.030e-03 	  3.831e-08 1.102e-04 1.651e-04 2.848e-04 7.992e-04 8.409e-03 2.107e-01 4.365e+00 5.690e+01 4.812e+02 5.884e+03 
 7.545e-02 	  2.911e-03 	  3.629e-08 1.108e-04 1.638e-04 2.750e-04 7.191e-04 7.084e-03 1.890e-01 4.291e+00 6.081e+01 5.514e+02 6.877e+03 
 7.396e-02 	  2.797e-03 	  3.437e-08 1.114e-04 1.627e-04 2.662e-04 6.502e-04 5.925e-03 1.678e-01 4.191e+00 6.477e+01 6.314e+02 8.033e+03 
 7.249e-02 	  2.688e-03 	  3.255e-08 1.121e-04 1.617e-04 2.583e-04 5.912e-04 4.924e-03 1.475e-01 4.065e+00 6.874e+01 7.225e+02 9.377e+03 
 7.106e-02 	  2.582e-03 	  3.082e-08 1.127e-04 1.609e-04 2.511e-04 5.407e-04 4.070e-03 1.284e-01 3.914e+00 7.268e+01 8.262e+02 1.094e+04 
 6.965e-02 	  2.481e-03 	  2.917e-08 1.134e-04 1.601e-04 2.447e-04 4.975e-04 3.349e-03 1.105e-01 3.740e+00 7.655e+01 9.442e+02 1.275e+04 
 6.827e-02 	  2.384e-03 	  2.760e-08 1.141e-04 1.595e-04 2.389e-04 4.608e-04 2.748e-03 9.399e-02 3.546e+00 8.031e+01 1.078e+03 1.485e+04 
 6.692e-02 	  2.291e-03 	  2.612e-08 1.148e-04 1.590e-04 2.338e-04 4.293e-04 2.252e-03 7.904e-02 3.335e+00 8.391e+01 1.230e+03 1.729e+04 
 6.559e-02 	  2.201e-03 	  2.470e-08 1.156e-04 1.585e-04 2.291e-04 4.025e-04 1.847e-03 6.567e-02 3.110e+00 8.729e+01 1.403e+03 2.011e+04 
 6.430e-02 	  2.115e-03 	  2.336e-08 1.164e-04 1.582e-04 2.249e-04 3.795e-04 1.520e-03 5.388e-02 2.874e+00 9.040e+01 1.599e+03 2.338e+04 
 6.302e-02 	  2.032e-03 	  2.209e-08 1.171e-04 1.580e-04 2.212e-04 3.598e-04 1.259e-03 4.364e-02 2.632e+00 9.320e+01 1.821e+03 2.716e+04 
 6.177e-02 	  1.952e-03 	  2.089e-08 1.180e-04 1.578e-04 2.179e-04 3.429e-04 1.052e-03 3.488e-02 2.387e+00 9.562e+01 2.072e+03 3.153e+04 
 6.055e-02 	  1.876e-03 	  1.974e-08 1.188e-04 1.578e-04 2.149e-04 3.282e-04 8.886e-04 2.751e-02 2.143e+00 9.761e+01 2.357e+03 3.658e+04 
