# ----------------------------------------------------
# 			Analysis summary (2016-11-24) 
# ----------------------------------------------------
#  - Cosmic ray species 	: H He
#  - Experiments 			: AMS01, AMS02, BESS97, BESS98, BESS99, BESS00, BESSPOLAR1, BESSPOLAR2, PAMELA0608, PAMELA2006, PAMELA2007, PAMELA2008, PAMELA2009
#  - Modulation model 		: 1D model
#  - Diffusion coefficient 	: K(r) = K0 * r ^ (0.5)
# ----------------------------------------------------
# Column 1 : E_IS
# Column 2 : Flux_IS(H)
# Column 3 : Flux_IS(He)
# 
1.000000000000000056e-01 5.632290069896389468e+04 3.328972951800873943e+03
1.075317494441021399e-01 5.171731813555538974e+04 3.151126201935824156e+03
1.156307713850916186e-01 4.748833888066164218e+04 2.982780720748986823e+03
1.243397913660992671e-01 4.360516768742029672e+04 2.823428913321907203e+03
1.337047529111131672e-01 4.003952746854966972e+04 2.670293111500229315e+03
1.437750598952340919e-01 3.676545338380253088e+04 2.518667084871552106e+03
1.546038371696508984e-01 3.375910376510535571e+04 2.369172249324641598e+03
1.662482108162366690e-01 3.099858650254674649e+04 2.222512471110583647e+03
1.787696095102182803e-01 2.846379962696478833e+04 2.079319064580149188e+03
1.922340885807277133e-01 2.613628492826406728e+04 1.940148997835395221e+03
2.067126784787814975e-01 2.399909354351528600e+04 1.805484280301716808e+03
2.222817594909957672e-01 2.203666253605730526e+04 1.675732446712034061e+03
2.390234646757992965e-01 2.023470156685512848e+04 1.551228037770391666e+03
2.570261131477925010e-01 1.858008883285943375e+04 1.432234967034028159e+03
2.763846759959986965e-01 1.706077551459543611e+04 1.318949656266183865e+03
2.972012772939107705e-01 1.566569803717259856e+04 1.211504817521038603e+03
3.195857328443593715e-01 1.438469750580347136e+04 1.109973759304706164e+03
3.436561295012941497e-01 1.320844572916418656e+04 1.014375096027501058e+03
3.695394481246307983e-01 1.212837729190268510e+04 9.246777442900601045e+02
3.973722334544957380e-01 1.113662718164863327e+04 8.408060959657791500e+02
4.273013144387209361e-01 1.022597351632834398e+04 7.626452661720750257e+02
4.594845788136004971e-01 9.382318392455172216e+03 6.900463236776973872e+02
4.940918060241288878e-01 8.585187301647845743e+03 6.228314216946603210e+02
5.313055628777054729e-01 7.834282206476654210e+03 5.607987579913102536e+02
5.713221666562308121e-01 7.129628060828217713e+03 5.037273045047354572e+02
6.143527207673936674e-01 6.470847397408714642e+03 4.513812578262393913e+02
6.606242283986181185e-01 5.857205466917033846e+03 4.035141728209536609e+02
7.103807900486351912e-01 5.287655757088602513e+03 3.598727520009871910e+02
7.638848912541316150e-01 4.760885065754343486e+03 3.202002729215912495e+02
8.214187873047449351e-01 4.275357404594416039e+03 2.842396446744701848e+02
8.832859922513204287e-01 3.829356117355424885e+03 2.517360924144670946e+02
9.498128800625412760e-01 3.421023704632733825e+03 2.224394757156560161e+02
1.021350406376662301e+00 3.048398953968102887e+03 1.961062523850516470e+02
1.098275959931271473e+00 2.709451076465235474e+03 1.725011041711359212e+02
1.180995353438102580e+00 2.402110647320260796e+03 1.513982446205385486e+02
1.269944964405548937e+00 2.124297235982000529e+03 1.325824322109148738e+02
1.365594037202567002e+00 1.873943690922802716e+03 1.158497138893908982e+02
1.468447158508263461e+00 1.649017113450104489e+03 1.010079253542571962e+02
1.579046919206142485e+00 1.447536614237867980e+03 8.787697492139368194e+01
1.697976776765563134e+00 1.267587995258174715e+03 7.628893770925724027e+01
1.825864133210586937e+00 1.107335538788459644e+03 6.608798625137144711e+01
1.963383644913735626e+00 9.650311146407126444e+02 5.713018259583932235e+01
2.111260781675118103e+00 8.390208373764162388e+02 4.928315556626125726e+01
2.270275653862480425e+00 7.277495178456764506e+02 4.242568522071424297e+01
2.441267127801854286e+00 6.297631588269637177e+02 3.644721473126536893e+01
2.625137251129118443e+00 5.437097438032768650e+02 3.124730798399547993e+01
2.822856011447954394e+00 4.683385619658978385e+02 2.673510709175086220e+01
3.035466453397989373e+00 4.024983023474743504e+02 2.282904736262580414e+01
3.264090181127699442e+00 3.451341364700067516e+02 1.945585642289750794e+01
3.509933275199776048e+00 2.952839929076157546e+02 1.654968985945894033e+01
3.774292655142990949e+00 2.520742094897586867e+02 1.405162497899187457e+01
4.058562921215511210e+00 2.147147302031970071e+02 1.190914728307918580e+01
4.364243711472695963e+00 1.824939947944903054e+02 1.007563549788439694e+01
4.692947612950804093e+00 1.547736501402759473e+02 8.509854522205174021e+00
5.046408668701230837e+00 1.309831940597221660e+02 7.175463688312488486e+00
5.426491525553258199e+00 1.106146447249359710e+02 6.040545977392378418e+00
5.835201270863365153e+00 9.321731243205239537e+01 5.077162297950000180e+00
6.274694010143857525e+00 7.839275752419985110e+01 4.260933616550835801e+00
6.747288241371978579e+00 6.579101014183734719e+01 3.570652615763379334e+00
7.255477085983478069e+00 5.510557900777062912e+01 2.987925630289490098e+00
7.801941441073996231e+00 4.606712528458337630e+01 2.496844862627727757e+00
8.389564122191261575e+00 3.843981638376130405e+01 2.083690286355346366e+00
9.021445071326995802e+00 3.201800527728575219e+01 1.736660189811007671e+00
9.700917710336646849e+00 2.662307025396901849e+01 1.445628977330145615e+00
1.043156652605773260e+01 2.210044546872622462e+01 1.201930611626312873e+00
1.121724597989522465e+01 1.831686161880306329e+01 9.981659328984916479e-01
1.206210084162955987e+01 1.515780698535251858e+01 8.280320125874581771e-01
1.297058805471602838e+01 1.252521174070428600e+01 6.861716787109312099e-01
1.394750024842388747e+01 1.033535265839880601e+01 5.680413732491349510e-01
1.499799102085069080e+01 8.516970982073535978e+00 4.697955595679334517e-01
1.612760212619011213e+01 7.009593017870143328e+00 3.881859803086860072e-01
1.734229270967643188e+01 5.762040827410686461e+00 3.204741659230791462e-01
1.864847074443206054e+01 4.731119040771188722e+00 2.643557047805120130e-01
2.005302683605936309e+01 3.880463122787342289e+00 2.178949024042038662e-01
2.156337057330992835e+01 3.179534270129239282e+00 1.794685758284704780e-01
2.318746961659487127e+01 2.602746367434701558e+00 1.477178461573445123e-01
2.493389173054409724e+01 2.128710982644082872e+00 1.215069481213618269e-01
2.681184998235239547e+01 1.739587145689770686e+00 9.988887879315620777e-02
2.883125134435170622e+01 1.420523557668639691e+00 8.207472947166224997e-02
3.100274895720762558e+01 1.159181860523790686e+00 6.740726307723360344e-02
3.333779832944847499e+01 9.453306135418912959e-01 5.533978365193494009e-02
3.584871776980262581e+01 7.705006369216582662e-01 4.541824675807039358e-02
3.854875337114745548e+01 6.276933677743457007e-01 3.726610781526500799e-02
4.145214888888718008e+01 5.111348113315108410e-01 3.057152373650581789e-02
4.457422088239431446e+01 4.160685472826894937e-01 2.507656979712718365e-02
4.793143951591693508e+01 3.385820604902846087e-01 2.056817625394142049e-02
5.154151544520713202e+01 2.754616110575851540e-01 1.687048695961477357e-02
5.542349324823331358e+01 2.240724345862860623e-01 1.383819155151395051e-02
5.959785189285914697e+01 1.822554106221279113e-01 1.135165459515628285e-02
6.408661277149634827e+01 1.482420963848292972e-01 9.312691492426614787e-03
6.891345587265745110e+01 1.205858251923374175e-01 7.640742941955758032e-03
7.410384470225787368e+01 9.810452477330910970e-02 6.269723576871291670e-03
7.968516061367853354e+01 7.983335063140346854e-02 5.145430752728619335e-03
8.568684725523111467e+01 6.498553357946797171e-02 4.223414708183215183e-03
9.214056589704568978e+01 5.292008189682281816e-02 3.467228561531984690e-03
9.908036245678894716e+01 4.311518814558989998e-02 2.846990876387455859e-03
1.065428471053425881e+02 3.514566335561506577e-02 2.338205333024744818e-03
1.145673873999297570e+02 2.866393484340445247e-02 1.920791798271075795e-03
1.231963159635462546e+02 2.338862817011892747e-02 1.578291145985969302e-03
1.324751538062850500e+02 1.909241404979736614e-02 1.297212833318549642e-03
1.424528504666633069e+02 1.559144497221979543e-02 1.066499727071022795e-03
1.531820422397939296e+02 1.273689563881878588e-02 8.770892007141769999e-04
1.647193298546538358e+02 1.040817992041722685e-02 7.215532527794294359e-04
1.771255770653106083e+02 8.507505581820295343e-03 5.938034698911851591e-04
1.904662317312897528e+02 6.955497837951916777e-03 4.888491872891591924e-04
2.048116710809135554e+02 5.687677945467358408e-03 4.025992490095061153e-04
2.202375729790064725e+02 4.651626641188860538e-03 3.316985468579263007e-04
2.368253151575567017e+02 3.804696774247831852e-03 2.733955753588942160e-04
2.546624045154292730e+02 3.112166867332668771e-03 2.254349913118169728e-04
2.738429387518571048e+02 2.545749092331439731e-03 1.859677909978991962e-04
2.944681027690132282e+02 2.082382440713990718e-03 1.534777156549108827e-04
3.166467024623763677e+02 1.703255639607337453e-03 1.267210426264676990e-04
3.404957387148543262e+02 1.393015342956330487e-03 1.046773195659470967e-04
3.661410246227016501e+02 1.139123890594467229e-03 8.650904585286099918e-05
3.937178492093520958e+02 9.313379320164322022e-04 7.152867031902939256e-05
4.233716911285081324e+02 7.612835325430775298e-04 5.916179996421432161e-05
4.552589861215656128e+02 6.221065367211273773e-04 4.893350421475365627e-05
4.895479522780014463e+02 5.082020643118718246e-04 4.047354604125790812e-05
5.264194774523130036e+02 4.149880141741107563e-04 3.347620317491849506e-05
5.660680735189732786e+02 3.387164492349432183e-04 2.768860869927351097e-05
6.087029024994778865e+02 2.763202835301509469e-04 2.290161305616322766e-05
6.545488799747163284e+02 2.252885523978074027e-04 1.894222589046109359e-05
7.038478616035883988e+02 1.835648404731850735e-04 1.566736460027184637e-05
7.568599190072418423e+02 1.494644930855688262e-04 1.295868368043602397e-05
8.138647117497013141e+02 1.216102045111376758e-04 1.071829800441904192e-05
8.751629626526533912e+02 9.892519862521992856e-05 8.865245494414871990e-06
9.410780442272319988e+02 8.047182358075014301e-05 7.332561349184399263e-06
1.011957684591884345e+03 6.546071658592010503e-05 6.064858099352785721e-06
1.088175801875682055e+03 5.324976153475939053e-05 5.016324039263097965e-06
1.170134476784307026e+03 4.331662180610199308e-05 4.149067703591323078e-06
1.258266073734755992e+03 3.523639675772224325e-05 3.431748562142999788e-06
1.353035521748601468e+03 2.866344614834908936e-05 2.838444449478790022e-06
1.454942767136405337e+03 2.331660500783909343e-05 2.347714801035966073e-06
1.564525410912205189e+03 1.896715650580983755e-05 1.941825843382436249e-06
1.682361544851421058e+03 1.542904834537160133e-05 1.606109738867778825e-06
1.809072801153558885e+03 1.255093417776640660e-05 1.328434525720684054e-06
1.945327631797844106e+03 1.020969960094011687e-05 1.098765698519952283e-06
2.091844834891742721e+03 8.305195809734282756e-06 9.088035856257788024e-07
2.249397346615179686e+03 6.755955623971227299e-06 7.516834192756438237e-07
2.418816318764515472e+03 5.495708642964382128e-06 6.217272596089747667e-07
2.600995503406918033e+03 4.470546458474178767e-06 5.142388077594879012e-07
2.796895967775888494e+03 3.636616665070488217e-06 4.253336930605518048e-07
3.007551164280962894e+03 2.958247026736436300e-06 3.517991013566967260e-07
3.234072382377780286e+03 2.406419558940611409e-06 2.909776717307007518e-07
3.477654611059384933e+03 1.957529253410727146e-06 2.406714659568503099e-07
3.739582842895640624e+03 1.592374348738144857e-06 1.990625403705450310e-07
4.021238852877169847e+03 1.295334954561310593e-06 1.646472498151450769e-07
4.324108487824763870e+03 1.053704894102308594e-06 1.361819095708784042e-07
4.649789504818885689e+03 8.571481839082851775e-07 1.126378516203120137e-07
4.999999999999999091e+03 6.972569011394750055e-07 9.316425109339647021e-08
