# ----------------------------------------------------
# 			Analysis summary (2016-11-24) 
# ----------------------------------------------------
#  - Cosmic ray species 	: H He
#  - Experiments (He data)	: AMS02, BESS97, BESS98, BESS99, BESS00, BESSPOLAR1, BESSPOLAR2
#  - Modulation model 		: 1D model
#  - Diffusion coefficient 	: K(r) = K0 * r ^ (0.5)
# ----------------------------------------------------
# Column 1 : E_TOA
# Column 3 : Flux_TOA(AMS02)
# Column 3 : Flux_TOA(BESS97)
# Column 3 : Flux_TOA(BESS98)
# Column 3 : Flux_TOA(BESS99)
# Column 3 : Flux_TOA(BESS00)
# Column 3 : Flux_TOA(BESSPOLAR1)
# Column 3 : Flux_TOA(BESSPOLAR2)
# 
8.806899999999999451e-02 1.394425237271811966e+02 2.932516356626989591e+02 2.056523863521156272e+02 1.561377251310356655e+02 3.086430375752751587e+01 1.176337568421236170e+02 2.752161279289452978e+02
9.478292164299262357e-02 1.458455371393525013e+02 3.030255308158623961e+02 2.138195154930877209e+02 1.630377601965458325e+02 3.283351704218357270e+01 1.233271643530246138e+02 2.847179634879668129e+02
1.020086776866057504e-01 1.521308616689903488e+02 3.121447306692036818e+02 2.216592886609641084e+02 1.697715722894570547e+02 3.486490612945446088e+01 1.289605760261402168e+02 2.936356992315488128e+02
1.097852877184349041e-01 1.582376785796346041e+02 3.204947981053169315e+02 2.290841427593250330e+02 1.762710827278877161e+02 3.695000133420924016e+01 1.344831449257974896e+02 3.018596551145191142e+02
1.181547459761075475e-01 1.641019061871584768e+02 3.279641191971716125e+02 2.360051570428388175e+02 1.824652921882523344e+02 3.907848815281489152e+01 1.398404880650105895e+02 3.092820020760455009e+02
1.271622481191009568e-01 1.696571912596456286e+02 3.344463957596553882e+02 2.423337733422326892e+02 1.882814636787660447e+02 4.123813043239441356e+01 1.449754248676339330e+02 3.157991171551663001e+02
1.368564352884616975e-01 1.748360806462503092e+02 3.398431965385629496e+02 2.479836750481169645e+02 1.936464863671462240e+02 4.341473605812122827e+01 1.498288876564600400e+02 3.213140223707989662e+02
1.472896567723666061e-01 1.795713500687593012e+02 3.440664765369681959e+02 2.528727699987168478e+02 1.984883891062265491e+02 4.559217453691577049e+01 1.543409913433457348e+02 3.257388232858282322e+02
1.585182526959373062e-01 1.837974562459889682e+02 3.470409661571504216e+02 2.569252113517911766e+02 2.027379612870398091e+02 4.775245506850498600e+01 1.584522397784251098e+02 3.289970546156781097e+02
1.706028582618530354e-01 1.874520684042688288e+02 3.487063309118429402e+02 2.600733823277715828e+02 2.063304286106671839e+02 4.987587217352063362e+01 1.621048365050197617e+02 3.310258375292993946e+02
1.836087311846823777e-01 1.904776265974884950e+02 3.490190074027680680e+02 2.622597661286658877e+02 2.092071233840618731e+02 5.194122365540939512e+01 1.652440587060210930e+02 3.317777560007049829e+02
1.976061040871027463e-01 1.928228679527300073e+02 3.479536315000075319e+02 2.634386220196660133e+02 2.113170838458015908e+02 5.392610263904160917e+01 1.678196457028749933e+02 3.312223675253545707e+02
2.126705637609704047e-01 1.944442587044591164e+02 3.455039900305472429e+02 2.635773929393484423e+02 2.126185154997818643e+02 5.580726176475249645e+01 1.697871482302282402e+02 3.293472766857578904e+02
2.288834593412792939e-01 1.953072702136410044e+02 3.416834472658223945e+02 2.626577791334190692e+02 2.130800499090834137e+02 5.756104351609771896e+01 1.711091824840425772e+02 3.261587179859701564e+02
2.463323415971745145e-01 1.953874413430991979e+02 3.365248209527935614e+02 2.606764258102542158e+02 2.126817429854019963e+02 5.916386639239788536e+01 1.717565340496960005e+02 3.216816160725550731e+02
2.651114357122243415e-01 1.946711775069517500e+02 3.300797080279644433e+02 2.576451899142181219e+02 2.114157652509724130e+02 6.059275252902262565e+01 1.717090614122791692e+02 3.159591155169551939e+02
2.853221501069961308e-01 1.931562480216698248e+02 3.224172857566674679e+02 2.535909706871855178e+02 2.092867502477295147e+02 6.182587877163226864e+01 1.709563566832495098e+02 3.090515971134524875e+02
3.070736240516140358e-01 1.908519573386570016e+02 3.136226380877811835e+02 2.485551093858170191e+02 2.063117833155629910e+02 6.284313046684083304e+01 1.694981319904478596e+02 3.010352214333282177e+02
3.304833170254449781e-01 1.877789813644377830e+02 3.037946778800416041e+02 2.425923838816052296e+02 2.025200302299286932e+02 6.362663563204792894e+01 1.673443129476603417e+02 2.920000615413369474e+02
3.556776430064954031e-01 1.839688762517934890e+02 2.930437520007591843e+02 2.357696424684027363e+02 1.979520224403706266e+02 6.416125691536761622e+01 1.645148348201454667e+02 2.820479039366918528e+02
3.827926531157269663e-01 1.794632826090564492e+02 2.814890271850170507e+02 2.281641367869372630e+02 1.926586316599643283e+02 6.443501994139037947e+01 1.610391514004527949e+02 2.712898089021579153e+02
4.119747703026174213e-01 1.743128619348325969e+02 2.692557595096649266e+02 2.198616253836428314e+02 1.866997802279141183e+02 6.443945921892463957e+01 1.569554801674685791e+02 2.598435279498190766e+02
4.433815800393199891e-01 1.685760133292468481e+02 2.564725494061455606e+02 2.109543264530873898e+02 1.801429441433789407e+02 6.416986659328675557e+01 1.523098190830137071e+02 2.478308768317163526e+02
4.771826812932261075e-01 1.623174265056965169e+02 2.432686777860982374e+02 2.015388005701741179e+02 1.730615123917183951e+02 6.362543197702147069e+01 1.471547796331261111e+02 2.353751579799409512e+02
5.135606023732411929e-01 1.556132054375802909e+02 2.298140578132951646e+02 1.917356158747167285e+02 1.655434426611614924e+02 6.279937936180204616e+01 1.415503232151580164e+02 2.226369067545343796e+02
5.527117865954083165e-01 1.485488247401160891e+02 2.162454358356844466e+02 1.816577024253446950e+02 1.576821071722163765e+02 6.170354749293281316e+01 1.355704302694167325e+02 2.097488822150517080e+02
5.948476530905432158e-01 1.411973832718204278e+02 2.026502413009335157e+02 1.713893728100963756e+02 1.495544073737024178e+02 6.035839893526853928e+01 1.292819794231141941e+02 1.967986749071197039e+02
6.401957384823151465e-01 1.336329127356120523e+02 1.891356617643075992e+02 1.610233749073455840e+02 1.412399391934470714e+02 5.877890775104023646e+01 1.227506639520108536e+02 1.838912193727418583e+02
6.890009256009163030e-01 1.259275676643679844e+02 1.757993287836935963e+02 1.506470362058498154e+02 1.328155035056108204e+02 5.698289176101602749e+01 1.160415051482608106e+02 1.711226890103246205e+02
7.415267658674565832e-01 1.181504385464316869e+02 1.627285098323383181e+02 1.403411600567364417e+02 1.243539216206189337e+02 5.499055067902632743e+01 1.092176895684939808e+02 1.585796173106773779e+02
7.980569024900575625e-01 1.103665553004930047e+02 1.499996372307251988e+02 1.301791965028817515e+02 1.159230661660897965e+02 5.282396859311921133e+01 1.023395594783050768e+02 1.463383467902868915e+02
8.588966021569968134e-01 1.027250548456026138e+02 1.378567824929702965e+02 1.203574419991151672e+02 1.076851666210577889e+02 5.051304127924224474e+01 9.553761425550347042e+01 1.346341330214409311e+02
9.243744034981575819e-01 9.521273570941008302e+01 1.262009027935902736e+02 1.108260299077898310e+02 9.961797534256801612e+01 4.808458106390124698e+01 8.881004629949070761e+01 1.233779764895412967e+02
9.948438912165905590e-01 8.786924246884180434e+01 1.150577913636971061e+02 1.016204602854358257e+02 9.176051532431611690e+01 4.556292713381928650e+01 8.219667959730251994e+01 1.125978969415922677e+02
1.070685605470619528e+00 8.073465413109261135e+01 1.044573627379570979e+02 9.277806490027455766e+01 8.415255444642674831e+01 4.297230395256950430e+01 7.573742587434671236e+01 1.023255388609805721e+02
1.152309096817289102e+00 7.391236680473646459e+01 9.453719348363593156e+01 8.442064684252635232e+01 7.690289954050000176e+01 4.035190576984048505e+01 6.952754780813670266e+01 9.269577638658886087e+01
1.240155137813995445e+00 6.742799693507554082e+01 8.529696402125331645e+01 7.656333641006018809e+01 7.003473377177708414e+01 3.772860879946586010e+01 6.359546979862125227e+01 8.371151168521898001e+01
1.334698103221095611e+00 6.123976668715816629e+01 7.663266168768261366e+01 6.913577637964571920e+01 6.349879777801984204e+01 3.511042008359036970e+01 5.790945790695992201e+01 7.527531385771982286e+01
1.436448531658767402e+00 5.537076003940701696e+01 6.855365456878134012e+01 6.215557865742689359e+01 5.731693087007361243e+01 3.251871729919541565e+01 5.249398187291237861e+01 6.739827443800956530e+01
1.545955882551235394e+00 4.995539738794415996e+01 6.123724715995523837e+01 5.577955133173979618e+01 5.163002466294475568e+01 3.001255518648957121e+01 4.747384931821439125e+01 6.025405363736719977e+01
1.663811503246059864e+00 4.486288732248041811e+01 5.445867617699288843e+01 4.983159349457910281e+01 4.629495068291407733e+01 2.756649522559215626e+01 4.273553614129432532e+01 5.362710449699597604e+01
1.790651822331138954e+00 4.011139173444824735e+01 4.822572096918088391e+01 4.432547683256150606e+01 4.132881394765882987e+01 2.519974834943153397e+01 3.829847405507195646e+01 4.752642447082703825e+01
1.927161786393559284e+00 3.579574345454149409e+01 4.265395890370719911e+01 3.936721485773799856e+01 3.682975772337225351e+01 2.296333746582651969e+01 3.425245868388702775e+01 4.206593810865093985e+01
2.074078558779030246e+00 3.178704639927199338e+01 3.754372428332170841e+01 3.479303306571620169e+01 3.265922420118584313e+01 2.081948678792124952e+01 3.048235921735282261e+01 3.705267155827089454e+01
2.232195500325471205e+00 2.814488734495349931e+01 3.296302037022615394e+01 3.066728110858372602e+01 2.887825926531122178e+01 1.880524609616555765e+01 2.704546970199060141e+01 3.255402884071567371e+01
2.402366453566973981e+00 2.483902961501931017e+01 2.885740006814560843e+01 2.694790429185238523e+01 2.545338030979464250e+01 1.691886638182183944e+01 2.391613278644100049e+01 2.851788737550558395e+01
2.585510353543160278e+00 2.182492461346789270e+01 2.515624691082048514e+01 2.357744831023663679e+01 2.233645293253171360e+01 1.514984196726010524e+01 2.105492186391647635e+01 2.487607532761103357e+01
2.782616190112610965e+00 1.914517664466034930e+01 2.190530173036677297e+01 2.060044664351393706e+01 1.957070534323953126e+01 1.352879044267138298e+01 1.850341206204003441e+01 2.167415796605900269e+01
2.994748348567218610e+00 1.670523403505764293e+01 1.897418732124109653e+01 1.790420615772825741e+01 1.705645167102440141e+01 1.201609542946277820e+01 1.617453099617551260e+01 1.878498967605511893e+01
3.223052357387142575e+00 1.456693654931733306e+01 1.643416699931769642e+01 1.555563582299756753e+01 1.485703553282841582e+01 1.065249659590133113e+01 1.412781899820241627e+01 1.627907658620864595e+01
3.468761074174660841e+00 1.263136600663862730e+01 1.415508366102061366e+01 1.343982553453932027e+01 1.286897350264401751e+01 9.390578790049055158e+00 1.227106894846485652e+01 1.402902482457967537e+01
3.733201343171374642e+00 1.094902369691685706e+01 1.219418206730403398e+01 1.161091388050362028e+01 1.114384870007068784e+01 8.265319914072154717e+00 1.065312292777436554e+01 1.209153998064163282e+01
4.017801160309839581e+00 9.441624582805035359e+00 1.045130646847242772e+01 9.979338403692180393e+00 9.600138035192403052e+00 7.236283833231744289e+00 9.200484898607616202e+00 1.036837544562377822e+01
4.324097384491391693e+00 8.134628230641828495e+00 8.953605965681239454e+00 8.571526309232710972e+00 8.263601793783301730e+00 6.323574831855611755e+00 7.938133041685023095e+00 8.886562456920607644e+00
4.653744036731618294e+00 6.980417941733386478e+00 7.640948045503590080e+00 7.333377652393471280e+00 7.084754992330717371e+00 5.501891959262317222e+00 6.821224273975445840e+00 7.587051796354248978e+00
5.008521231989432998e+00 5.976513096974042760e+00 6.507995734397083787e+00 6.260962766858256145e+00 6.060706802403552196e+00 4.773023266164504896e+00 5.847874999544106167e+00 6.464763017351908836e+00
5.390344791912243139e+00 5.106588213624863926e+00 5.533315622381060450e+00 5.335313049516245520e+00 5.174370875574665796e+00 4.129626143120136206e+00 5.002887801895629316e+00 5.498705600903584845e+00
5.801276590406743594e+00 4.343442301323121590e+00 4.683779638445069615e+00 4.526128957911480732e+00 4.397646661048231209e+00 3.555765206283981517e+00 4.260407702440118349e+00 4.656255776875710239e+00
6.243535687902097564e+00 3.697487625095723818e+00 3.969739728076868701e+00 3.843819980001374148e+00 3.740952593577050234e+00 3.061148802625315746e+00 3.630826317590292618e+00 3.947779311250715573e+00
6.719510314431326847e+00 3.134127777865582054e+00 3.350534065498288694e+00 3.250594066556688588e+00 3.168758593701094473e+00 2.623380082587285500e+00 3.080953864808011478e+00 3.333122917757238124e+00
7.231770766240393833e+00 2.650047580417718596e+00 2.821541388735271383e+00 2.742456027504032168e+00 2.677552787413270519e+00 2.241526940519164235e+00 2.607768221036374623e+00 2.807777273975609500e+00
7.783083285567546916e+00 2.239747333924460904e+00 2.375707824876802210e+00 2.313091981198420743e+00 2.261598755153272577e+00 1.913066447689349303e+00 2.206124372831270719e+00 2.364820196428143451e+00
8.376424998544713674e+00 1.885902413297448676e+00 1.993103725462234355e+00 1.943796503689664723e+00 1.903166451845785812e+00 1.626145868538355854e+00 1.859311705046441388e+00 1.984537932614804268e+00
9.014999991886677222e+00 1.585080847043770724e+00 1.669435102094502632e+00 1.630683645152518846e+00 1.598691338336648560e+00 1.379050062154172585e+00 1.564097808350099594e+00 1.662708809034717294e+00
9.702256615183260990e+00 1.331708218255452714e+00 1.398105972111713280e+00 1.367638018074111672e+00 1.342440299503632861e+00 1.168329112112880042e+00 1.315148368557751857e+00 1.392821653744517940e+00
1.044190610222805127e+01 1.115172286247943179e+00 1.167186599778373690e+00 1.143344874005305600e+00 1.123593818047301074e+00 9.862627066179967539e-01 1.102166725147246007e+00 1.163054670286409520e+00
1.123794261194026767e+01 9.314966454587982891e-01 9.721043727646121457e-01 9.535104780854095630e-01 9.380820046626948683e-01 8.301631626354678550e-01 9.213185562803802853e-01 9.688842621157854884e-01
1.209466479710207665e+01 7.787992762754358811e-01 8.105821532560846254e-01 7.960428970218152989e-01 7.839610986541942772e-01 6.989885912669197010e-01 7.708155121046105229e-01 8.080658885294244032e-01
1.301669901738394763e+01 6.492505666698012989e-01 6.740209239401286911e-01 6.626999525110051081e-01 6.532791926742566035e-01 5.866715868898871866e-01 6.430151160871903082e-01 6.720628804137975809e-01
1.400902432201026926e+01 5.398097672556785298e-01 5.590409866225469759e-01 5.502593056203007871e-01 5.429417501267737034e-01 4.909418235386445173e-01 5.349588539625315109e-01 5.575230527272392322e-01
1.507699933697301731e+01 4.487264467038637461e-01 4.636638026460312423e-01 4.568483854744960770e-01 4.511621792685734378e-01 4.105646524411772358e-01 4.449515491213568708e-01 4.624864022261090390e-01
1.622639120198669005e+01 3.727518737916402092e-01 3.843477256486723115e-01 3.790609338806268935e-01 3.746449404528871541e-01 3.429771755362300834e-01 3.698162844438513952e-01 3.834348816037241869e-01
1.746340671344571049e+01 3.089086355939409390e-01 3.178793305684080028e-01 3.137923643593601430e-01 3.103747699126881421e-01 2.857631206602348484e-01 3.066338221578847056e-01 3.171740071090281554e-01
1.879472584155872283e+01 2.554426402967686083e-01 2.623607019707517307e-01 2.592110680083680729e-01 2.565744998681898092e-01 2.375108909255426171e-01 2.536855443886727457e-01 2.618174003504663006e-01
2.022753780265462353e+01 2.113224677039343691e-01 2.166647962191441956e-01 2.142340974822655453e-01 2.121973741036225769e-01 1.974162672248276074e-01 2.099636010462824498e-01 2.162456915070088692e-01
2.176957988145299083e+01 1.746974641567374253e-01 1.788198553641896227e-01 1.769453264732028797e-01 1.753731983011963813e-01 1.639240750789291157e-01 1.736474625214857459e-01 1.784967782280849902e-01
2.342917921294245076e+01 1.441401952812158549e-01 1.473120620215522814e-01 1.458705683294196087e-01 1.446605719006305857e-01 1.358194637660466719e-01 1.433312463127887904e-01 1.470637154210698849e-01
2.521529774949138769e+01 1.187162888762217927e-01 1.211503782509778943e-01 1.200447668865309431e-01 1.191159527678445906e-01 1.123080310608544768e-01 1.180947371080482283e-01 1.209599687522683875e-01
2.713758065601708935e+01 9.774556709213759464e-02 9.961314480944566396e-02 9.876527541157674450e-02 9.805244643195543119e-02 9.281232146338194711e-02 9.726812943629738195e-02 9.946717369723763469e-02
2.920640839455042936e+01 8.053250970620408344e-02 8.196742617296901012e-02 8.131628060556105042e-02 8.076845976543922667e-02 7.673044562594402707e-02 8.016529275435271829e-02 8.185535870211460563e-02
3.143295277945603772e+01 6.624903364782183668e-02 6.734883258952818752e-02 6.684997559511821064e-02 6.642999907833695150e-02 6.332637471596121170e-02 6.596729652526918397e-02 6.726300081663111330e-02
3.382923730601086021e+01 5.442404075026605753e-02 5.526513578812775745e-02 5.488378090998536490e-02 5.456252504807733439e-02 5.218266464031943302e-02 5.420837211848290177e-02 5.519953955456241568e-02
3.640820207811862019e+01 4.465500372278066732e-02 4.529698022314718187e-02 4.500601912145938549e-02 4.476076633115899650e-02 4.293975610576407365e-02 4.449024484461357176e-02 4.524694577676469098e-02
3.918377368577547060e+01 3.668703044317645628e-02 3.717816450336218492e-02 3.695564824228569911e-02 3.676798636001984283e-02 3.537165444862674230e-02 3.656088126785242420e-02 3.713990931477250540e-02
4.217094040962898305e+01 3.013585104060404959e-02 3.051147068549761240e-02 3.034134658639005278e-02 3.019779758034649847e-02 2.912758872447287345e-02 3.003929836389145763e-02 3.048222945158949454e-02
4.538583315874113566e+01 2.472961328538418949e-02 2.501637205559489874e-02 2.488653520660071353e-02 2.477692770962759000e-02 2.395823959732767960e-02 2.465584898925413451e-02 2.499406025988923363e-02
4.884581257862470949e+01 2.027564892962925233e-02 2.049422064679665492e-02 2.039528633514606226e-02 2.031172893822324327e-02 1.968651780561356604e-02 2.021938649694505347e-02 2.047722272942945065e-02
5.256956279994194148e+01 1.661160803469567335e-02 1.677798308477827793e-02 1.670269609349310860e-02 1.663908354894726854e-02 1.616231635888526127e-02 1.656875402574192399e-02 1.676505048678991056e-02
5.657719233411620507e+01 1.363161251134846312e-02 1.375860705017711329e-02 1.370115490901998960e-02 1.365259279285496730e-02 1.328807385732704016e-02 1.359888277924499976e-02 1.374873979345667477e-02
6.089034266069850077e+01 1.118780898816682315e-02 1.128476063294867396e-02 1.124091025107958400e-02 1.120383178937277985e-02 1.092511813170090988e-02 1.116280845778688975e-02 1.127723066429382748e-02
6.553230509286990468e+01 9.175888921496531958e-03 9.249811770252587551e-03 9.216384568722211026e-03 9.188110001903107213e-03 8.975290961585362035e-03 9.156816962999730219e-03 9.244072541051783984e-03
7.052814655215999551e+01 7.521262721746245147e-03 7.577563432917462996e-03 7.552110124469905636e-03 7.530573444141560810e-03 7.368266819201011765e-03 7.506730252736315036e-03 7.573193894172881337e-03
7.590484493157498491e+01 6.161756511520034667e-03 6.204592928013218447e-03 6.185230571772989093e-03 6.168842697126314910e-03 6.045194055349124851e-03 6.150694490395339740e-03 6.201269461948150444e-03
8.169143477810558807e+01 5.052119148201268846e-03 5.084754291301423444e-03 5.070005651836287028e-03 5.057519283448674158e-03 4.963206081060618675e-03 5.043687987375380932e-03 5.082223063495618781e-03
8.791916408130921923e+01 4.147250000075609552e-03 4.172160805907462570e-03 4.160904862766300234e-03 4.151373034572624146e-03 4.079304696422265952e-03 4.140811931710264814e-03 4.170229230348898933e-03
9.462166301463791740e+01 3.402759190286948083e-03 3.421754212694473087e-03 3.413172659206549064e-03 3.405903841444683083e-03 3.350894278564344429e-03 3.397848261779341447e-03 3.420281733396647941e-03
1.018351255407247038e+02 2.790719784866889461e-03 2.805190561806356585e-03 2.798653928990639094e-03 2.793115977002123829e-03 2.751168602683567565e-03 2.786977282690546263e-03 2.804069076302244216e-03
1.095985048613112696e+02 2.287931362412697501e-03 2.298946489817219833e-03 2.293971503818484012e-03 2.289755721714515930e-03 2.257796879458168465e-03 2.285081676532403887e-03 2.298093015588234013e-03
1.179537237672599588e+02 1.875156595484540802e-03 1.883535254656152702e-03 1.879751519617874587e-03 1.876544567413995952e-03 1.852214692394719715e-03 1.872988339539282451e-03 1.882886200733215705e-03
1.269459010245533790e+02 1.540332987456267087e-03 1.546729998775870979e-03 1.543841499359531596e-03 1.541392877390380337e-03 1.522803162029186383e-03 1.538677103542288689e-03 1.546234551627984673e-03
1.366235950187846697e+02 1.265243619250338387e-03 1.270126027564637316e-03 1.267921673324689819e-03 1.266052697272311003e-03 1.251854307616351173e-03 1.263979475973355925e-03 1.269747956411045302e-03
1.470390659738320664e+02 1.038986590865797251e-03 1.042710152903653141e-03 1.041029179561566743e-03 1.039603730217604971e-03 1.028768099566780602e-03 1.038022265291501213e-03 1.042421867951789189e-03
1.582485581607212168e+02 8.529965794653680128e-04 8.558344481408210885e-04 8.545534392252756998e-04 8.534669944616973336e-04 8.452035608569991813e-04 8.522614666018814723e-04 8.556147713983350582e-04
1.703126036206180061e+02 7.001807450613932319e-04 7.023423365527274240e-04 7.013666874253964793e-04 7.005391077435086907e-04 6.942411845139314329e-04 6.996206960591888841e-04 7.021750357355286635e-04
1.832963490420816584e+02 5.749515126638801840e-04 5.765985598808769010e-04 5.758552175260011263e-04 5.752246062361112723e-04 5.704232097180517592e-04 5.745246943776137613e-04 5.764711017707858671e-04
1.972699075577361043e+02 4.731149012422143315e-04 4.743741046806253421e-04 4.738058482559836236e-04 4.733237121653290904e-04 4.696510992178263579e-04 4.727885308847185920e-04 4.742766732740241352e-04
2.123087373600845922e+02 3.892528940829052386e-04 3.902149687580908381e-04 3.897808341160031000e-04 3.894124509486377025e-04 3.866051172787481711e-04 3.890034934293650371e-04 3.901405373801039318e-04
2.284940491810240815e+02 3.202198799902775377e-04 3.209545425913611950e-04 3.206230512349488157e-04 3.203417345573471601e-04 3.181970261382225437e-04 3.200294009260274525e-04 3.208977120662834877e-04
2.459132448354710334e+02 2.634117798917948779e-04 2.639725251223232422e-04 2.637195256340457705e-04 2.635047974136055953e-04 2.618671085027000347e-04 2.632663704960428721e-04 2.639291533072114760e-04
2.646603891972717406e+02 2.166759293281930081e-04 2.171037581048884744e-04 2.169107414859438611e-04 2.167469055722055218e-04 2.154968961652288018e-04 2.165649704398975848e-04 2.170706707847631911e-04
2.848367181560929566e+02 1.783867007667113650e-04 1.787135021750063256e-04 1.785660738975223085e-04 1.784409218774206255e-04 1.774857235489104960e-04 1.783019316682730874e-04 1.786882308791506307e-04
3.065511852983015615e+02 1.471180991635250848e-04 1.473684016085710679e-04 1.472554904254549382e-04 1.471596315334195587e-04 1.464277799860600599e-04 1.470531649306096593e-04 1.473490478477959987e-04
3.299210502639458014e+02 1.213250261970279535e-04 1.215166479402694517e-04 1.214302123103196287e-04 1.213568243317352587e-04 1.207963688531605803e-04 1.212753091460314672e-04 1.215018328778851096e-04
3.550725119570040533e+02 1.000538415467737126e-04 1.002004852172001960e-04 1.001343415229992396e-04 1.000781778041711257e-04 9.964914655631122969e-05 1.000157899236667441e-04 1.001891486434973037e-04
3.821413900282879581e+02 8.251514671467916149e-05 8.262733929898446409e-05 8.257673740239865432e-05 8.253376704671781306e-05 8.220543514827844333e-05 8.248603137543233173e-05 8.261866682808293230e-05
4.112738583110457284e+02 6.805501241703200031e-05 6.814084782154155012e-05 6.810213584272997462e-05 6.806925944373475382e-05 6.781798739167057383e-05 6.803273451098607939e-05 6.813421340120314352e-05
4.426272341698795003e+02 5.616721657507401581e-05 5.623303473269764295e-05 5.620335207547505371e-05 5.617814191315417772e-05 5.598541848307505685e-05 5.615013221379142473e-05 5.622794795429075006e-05
4.763708280255056593e+02 4.640683681706624574e-05 4.645739968889682644e-05 4.643459818367086020e-05 4.641523058545427667e-05 4.626713478422850615e-05 4.639371069908075032e-05 4.645349233244229492e-05
5.126868576428595361e+02 3.832456483912698278e-05 3.836337347626078714e-05 3.834587370624260128e-05 3.833100791419318193e-05 3.821730552558819707e-05 3.831448881551592297e-05 3.836037480412579713e-05
5.517714321197616982e+02 3.163576022438119968e-05 3.166552071014056962e-05 3.165210195289017576e-05 3.164070162055857639e-05 3.155347967087710907e-05 3.162803227345799739e-05 3.166322147839671012e-05
5.938356108897474996e+02 2.610321212070591232e-05 2.612601333275633341e-05 2.611573333557627464e-05 2.610699846645372953e-05 2.604014688728770435e-05 2.609729027862854809e-05 2.612425203559616516e-05
6.391065434577617452e+02 2.152942592649310054e-05 2.154687829918388710e-05 2.153901065954316895e-05 2.153232447582471832e-05 2.148113130675909557e-05 2.152489231949189589e-05 2.154553043250553390e-05
6.878286960233558602e+02 1.776671988850708455e-05 1.778009061089890340e-05 1.777406362500595917e-05 1.776894086486145054e-05 1.772970272143998690e-05 1.776324586510668154e-05 1.777905817025867311e-05
7.402651716152504378e+02 1.467796009636210150e-05 1.468822988237001196e-05 1.468360097120673674e-05 1.467966613083285106e-05 1.464952138078603317e-05 1.467529145919850933e-05 1.468743698407282333e-05
7.966991308660801678e+02 1.212065313357398593e-05 1.212853743299412218e-05 1.212498392299629018e-05 1.212196297552116179e-05 1.209881728945739740e-05 1.211860419588021671e-05 1.212792877658163016e-05
8.574353210995918744e+02 1.000454142666435570e-05 1.001059364249194397e-05 1.000786595821014030e-05 1.000554693646694318e-05 9.987779900411420677e-06 1.000296854250547984e-05 1.001012645702872440e-05
9.228017219874961938e+02 8.254441151568609825e-06 8.259088963617444804e-06 8.256994240990445959e-06 8.255213327179859744e-06 8.241572256987245856e-06 8.253233293866359262e-06 8.258730198706519367e-06
9.931513166626127713e+02 6.807781808608818839e-06 6.811355496065812813e-06 6.809744805795792539e-06 6.808375484947500702e-06 6.797892606432646883e-06 6.806853221807988573e-06 6.811079631761052551e-06
1.068863997852449074e+03 5.617061377579037598e-06 5.619811883440252127e-06 5.618572210463856068e-06 5.617518294753598097e-06 5.609453027754517681e-06 5.616346726444589175e-06 5.619599570919034430e-06
1.150348619326488006e+03 4.640270562472540206e-06 4.642379559659902913e-06 4.641429253184323119e-06 4.640621031405705740e-06 4.634430674800866407e-06 4.639722330465863171e-06 4.642216840006513993e-06
1.238045203735110363e+03 3.831571632146373529e-06 3.833182257393636015e-06 3.832456769922210860e-06 3.831839415011835414e-06 3.827104529681781877e-06 3.831152659013040239e-06 3.833058069445951018e-06
1.332427318762649065e+03 3.162384395967924276e-06 3.163606723496342264e-06 3.163056413059390999e-06 3.162587763911056552e-06 3.158985969586563098e-06 3.162066110484939771e-06 3.163512559962085222e-06
1.434004634425993800e+03 2.608903889538285356e-06 2.609822402359296696e-06 2.609409162993774995e-06 2.609056862819371965e-06 2.606340960907962428e-06 2.608664370251994245e-06 2.609751732342370098e-06
1.543325675328290117e+03 2.151318381717625080e-06 2.151997830904729301e-06 2.151692450359224144e-06 2.151431702393037550e-06 2.149412510403977515e-06 2.151140835822586771e-06 2.151945647090080030e-06
1.660980782730134706e+03 1.774328878481621703e-06 1.774828532343158974e-06 1.774604191522930168e-06 1.774412334358151750e-06 1.772919941053272252e-06 1.774198039900742538e-06 1.774790228119608099e-06
1.787605302433624047e+03 1.465588251129177651e-06 1.465976264191548986e-06 1.465802017596360555e-06 1.465653038903065349e-06 1.464496397827026106e-06 1.465486702668983475e-06 1.465946511743189954e-06
1.923883015694106007e+03 1.210030813054312733e-06 1.210338608969223541e-06 1.210200318491019877e-06 1.210082166887863921e-06 1.209168106523908015e-06 1.209950356726576788e-06 1.210314989649727351e-06
2.070549831686735160e+03 9.986376272846954717e-07 9.988895216967600670e-07 9.987762567562497808e-07 9.986796026230763561e-07 9.979356482952906576e-07 9.985719072257530309e-07 9.988701667331759070e-07
2.228397761467432247e+03 8.239054032518953936e-07 8.241199128696869449e-07 8.240233594531715189e-07 8.239410937837716025e-07 8.233116600806489367e-07 8.238495667236927436e-07 8.241034020191999408e-07
2.398279194887959420e+03 6.795998976585191682e-07 6.797906645324305650e-07 6.797047075472867873e-07 6.796315882800912914e-07 6.790753086461443566e-07 6.795503562275392427e-07 6.797759544170781269e-07
2.581111503560671736e+03 5.606360326845852913e-07 5.608059888208420619e-07 5.607293647586664350e-07 5.606642425464468696e-07 5.601701963832748273e-07 5.605919494994589016e-07 5.607928700184127651e-07
2.777881994729341386e+03 4.625993941509001887e-07 4.627213817614778918e-07 4.626664534177327183e-07 4.626196791069262062e-07 4.622627031025241494e-07 4.625676689075686483e-07 4.627119867011784232e-07
2.989653242797251096e+03 3.811657133150084606e-07 3.812462824702799602e-07 3.812100670038281539e-07 3.811791443599505629e-07 3.809412962891052734e-07 3.811446844120992449e-07 3.812400967005932016e-07
3.217568827303256512e+03 3.134285371673208320e-07 3.134745095506107086e-07 3.134539030994424764e-07 3.134362311810786696e-07 3.132987292689805813e-07 3.134164706811572839e-07 3.134709980616019345e-07
3.462859508331202960e+03 2.569469405462658400e-07 2.569662596432583527e-07 2.569576562609446062e-07 2.569502027358578343e-07 2.568908344649036952e-07 2.569418064348225733e-07 2.569648018385434449e-07
3.726849872700362084e+03 2.096646264082052000e-07 2.096672733694081992e-07 2.096661549622850897e-07 2.096651039965520979e-07 2.096554157568343446e-07 2.096638568509260937e-07 2.096670931406276265e-07
4.010965486826866254e+03 1.699906309956053960e-07 1.699904857406928456e-07 1.699905864384324429e-07 1.699906242182200816e-07 1.699903111206673264e-07 1.699906324158998393e-07 1.699905086939841972e-07
4.316740594881949619e+03 1.392320868329008973e-07 1.392480830089514315e-07 1.392408793508292747e-07 1.392347468099719413e-07 1.391878041611908917e-07 1.392279255990759107e-07 1.392468504016400623e-07
4.645826403817709433e+03 1.140589570995340528e-07 1.140827708529893518e-07 1.140720373531855074e-07 1.140629132421746166e-07 1.139929720664379670e-07 1.140527684216074080e-07 1.140809322242951640e-07
4.999999999999999091e+03 9.316425109339647021e-08 9.316425109339647021e-08 9.316425109339647021e-08 9.316425109339647021e-08 9.316425109339647021e-08 9.316425109339647021e-08 9.316425109339647021e-08
