# ----------------------------------------------------
# 			Analysis summary (2016-11-24) 
# ----------------------------------------------------
#  - Cosmic ray species 	: H He
#  - Experiments 			: AMS01, AMS02, BESS97, BESS98, BESS99, BESS00, BESSPOLAR1, BESSPOLAR2, PAMELA0608, PAMELA2006, PAMELA2007, PAMELA2008, PAMELA2009
#  - Modulation model 		: 1D model
#  - Diffusion coefficient 	: K(r) = K0 * r ^ (0)
# ----------------------------------------------------
# Column 1 : E_IS
# Column 2 : Flux_IS(H)
# Column 3 : Flux_IS(He)
# 
1.000000000000000056e-01 1.890011539918798007e+04 1.500191689938463242e+03
1.075317494441021399e-01 1.782313688683892542e+04 1.464345105948810215e+03
1.156307713850916186e-01 1.680752745566020894e+04 1.429355064221286511e+03
1.243397913660992671e-01 1.584979013326055247e+04 1.395201097961985624e+03
1.337047529111131672e-01 1.494662721397503992e+04 1.360304063344955921e+03
1.437750598952340919e-01 1.409492890412057568e+04 1.321534249808204095e+03
1.546038371696508984e-01 1.329176261427463214e+04 1.279225887508766846e+03
1.662482108162366690e-01 1.253436286170839594e+04 1.233834066409317984e+03
1.787696095102182803e-01 1.182012174820567634e+04 1.185826872056463571e+03
1.922340885807277133e-01 1.114657998048111585e+04 1.135677819329279146e+03
2.067126784787814975e-01 1.051141840227857756e+04 1.083858623916712986e+03
2.222817594909957672e-01 9.912450008992957009e+03 1.030832449313863208e+03
2.390234646757992965e-01 9.347612417319929591e+03 9.770477454046917956e+02
2.570261131477925010e-01 8.814960764004983503e+03 9.229327711957436122e+02
2.763846759959986965e-01 8.312661009240448038e+03 8.688908698983555041e+02
2.972012772939107705e-01 7.838983621652729198e+03 8.152965401950290243e+02
3.195857328443593715e-01 7.392297623135552385e+03 7.624923239611688359e+02
3.436561295012941497e-01 6.971064973024429491e+03 7.107865086371319876e+02
3.695394481246307983e-01 6.573835272275670832e+03 6.604516224279652761e+02
3.973722334544957380e-01 6.199240769415260729e+03 6.117236829918153944e+02
4.273013144387209361e-01 5.845991651061972334e+03 5.648021455698868749e+02
4.594845788136004971e-01 5.507137965826454092e+03 5.198504847881348496e+02
4.940918060241288878e-01 5.169764025462782229e+03 4.769973356764922414e+02
5.313055628777054729e-01 4.835760326795791116e+03 4.363381137462339439e+02
5.713221666562308121e-01 4.507369490132428837e+03 3.979370310849988641e+02
6.143527207673936674e-01 4.186595082391461801e+03 3.618294251373491761e+02
6.606242283986181185e-01 3.875191987127157972e+03 3.280243188412977702e+02
7.103807900486351912e-01 3.574662255862180700e+03 2.965071347511604927e+02
7.638848912541316150e-01 3.286256009953674038e+03 2.672424913330783625e+02
8.214187873047449351e-01 3.010976874782557843e+03 2.401770164033057995e+02
8.832859922513204287e-01 2.749591365243617929e+03 2.152421203296745773e+02
9.498128800625412760e-01 2.502641602659587079e+03 1.923566797916350595e+02
1.021350406376662301e+00 2.270460726881949086e+03 1.714295912817070189e+02
1.098275959931271473e+00 2.053190371357064123e+03 1.523621618549977654e+02
1.180995353438102580e+00 1.850799590733393870e+03 1.350503126589904070e+02
1.269944964405548937e+00 1.663104667249402837e+03 1.193865783119829018e+02
1.365594037202567002e+00 1.489789270601135058e+03 1.052618920980764869e+02
1.468447158508263461e+00 1.330424503155345519e+03 9.256715310478324454e+01
1.579046919206142485e+00 1.184488425268404171e+03 8.119457678093054653e+01
1.697976776765563134e+00 1.051384721321988081e+03 7.103883490810797241e+01
1.825864133210586937e+00 9.304602334097374978e+02 6.199799465992573033e+01
1.963383644913735626e+00 8.210211542610683182e+02 5.397426929728769807e+01
2.111260781675118103e+00 7.223477321985859589e+02 4.687459516289121098e+01
2.270275653862480425e+00 6.337073973064520942e+02 4.061105105805363280e+01
2.441267127801854286e+00 5.543662685283013616e+02 3.510113688434099544e+01
2.625137251129118443e+00 4.835990454603353896e+02 3.026792869236478722e+01
2.822856011447954394e+00 4.206973258268095606e+02 2.604015476747943936e+01
3.035466453397989373e+00 3.649764199735977286e+02 2.235238888225967102e+01
3.264090181127699442e+00 3.157807573811314228e+02 1.914465520595252102e+01
3.509933275199776048e+00 2.724879975626619171e+02 1.636206564188656643e+01
3.774292655142990949e+00 2.345119693038276978e+02 1.395466596160412109e+01
4.058562921215511210e+00 2.013045686420697109e+02 1.187723223645244097e+01
4.364243711472695963e+00 1.723567479667078430e+02 1.008902728210593303e+01
4.692947612950804093e+00 1.471987268547307508e+02 8.553529257796061103e+00
5.046408668701230837e+00 1.253995504503387224e+02 7.238142862917484877e+00
5.426491525553258199e+00 1.065661140257858790e+02 6.113901940229673038e+00
5.835201270863365153e+00 9.034176345672898378e+01 5.155170761540259328e+00
6.274694010143857525e+00 7.640459013209954264e+01 4.339349862450599282e+00
6.747288241371978579e+00 6.446639075378875816e+01 3.646591022259139336e+00
7.255477085983478069e+00 5.427024085422213062e+01 3.059524860605496333e+00
7.801941441073996231e+00 4.558657304872102856e+01 2.563003544840928072e+00
8.389564122191261575e+00 3.821125157471199429e+01 2.143860267517934570e+00
9.021445071326995802e+00 3.196369794525455887e+01 1.790686454264313943e+00
9.700917710336646849e+00 2.668495826409834848e+01 1.493627088562541338e+00
1.043156652605773260e+01 2.223576674710427525e+01 1.244194079893271576e+00
1.121724597989522465e+01 1.849464843542628145e+01 1.035097242775684823e+00
1.206210084162955987e+01 1.535609381371192939e+01 8.600921836740653692e-01
1.297058805471602838e+01 1.272882910960213998e+01 7.138441980208956039e-01
1.394750024842388747e+01 1.053419843615840890e+01 5.918071488249209144e-01
1.499799102085069080e+01 8.704667588214743290e+00 4.901162204412757295e-01
1.612760212619011213e+01 7.182454126700099195e+00 4.054934060497781267e-01
1.734229270967643188e+01 5.918284270859706986e+00 3.351645862874620407e-01
1.864847074443206054e+01 4.870273945119568459e+00 2.767870815048610322e-01
2.005302683605936309e+01 4.002928969726821329e+00 2.283866045567661818e-01
2.156337057330992835e+01 3.286257719168890645e+00 1.883025992363208667e-01
2.318746961659487127e+01 2.694988483117260358e+00 1.551410167241800142e-01
2.493389173054409724e+01 2.207883143925315039e+00 1.277336770241635500e-01
2.681184998235239547e+01 1.807138536191670530e+00 1.051038002849081082e-01
2.883125134435170622e+01 1.477866893006108517e+00 8.643576115495378576e-02
3.100274895720762558e+01 1.207647037524601785e+00 7.104907859017368932e-02
3.333779832944847499e+01 9.861383862290346025e-01 5.837693628313903732e-02
3.584871776980262581e+01 8.047503410649613498e-01 4.794793614088622979e-02
3.854875337114745548e+01 6.563602207719451131e-01 3.937061691496274163e-02
4.145214888888718008e+01 5.350734848777631836e-01 3.232035448913061354e-02
4.457422088239431446e+01 4.360206122294796871e-01 2.652830586031437732e-02
4.793143951591693508e+01 3.551855911228404827e-01 2.177210065590969718e-02
5.154151544520713202e+01 2.892616030603636368e-01 1.786798140260562745e-02
5.542349324823331358e+01 2.355302623396442196e-01 1.466394336029088093e-02
5.959785189285914697e+01 1.917595768070149975e-01 1.203469069964701980e-02
6.408661277149634827e+01 1.561190069427157157e-01 9.877262790622506200e-03
6.891345587265745110e+01 1.271091514506720310e-01 8.107079692269255483e-03
7.410384470225787368e+01 1.035032845451720612e-01 6.654678439251440585e-03
7.968516061367853354e+01 8.429885350993640558e-02 5.463024492192463354e-03
8.568684725523111467e+01 6.867732636688356207e-02 4.485297990398678068e-03
9.214056589704568978e+01 5.597101945808406753e-02 3.683071737731004758e-03
9.908036245678894716e+01 4.563574368024270883e-02 3.024812212177189433e-03
1.065428471053425881e+02 3.722752778653188460e-02 2.484646804485931941e-03
1.145673873999297570e+02 3.038296657949966437e-02 2.041350369519215075e-03
1.231963159635462546e+02 2.480756067007122007e-02 1.677512357592485931e-03
1.324751538062850500e+02 2.026314474542999927e-02 1.378852567756274575e-03
1.424528504666633069e+02 1.655691888955813235e-02 1.133659169331434043e-03
1.531820422397939296e+02 1.353265709171968222e-02 9.323272710694820121e-04
1.647193298546538358e+02 1.106365198578647922e-02 7.669801449119617760e-04
1.771255770653106083e+02 9.047046031808985561e-03 6.311583715199049456e-04
1.904662317312897528e+02 7.399271276694197735e-03 5.195647823498965919e-04
2.048116710809135554e+02 6.052376659044806512e-03 4.278551932236806426e-04
2.202375729790064725e+02 4.951066788562036476e-03 3.524658206130103178e-04
2.368253151575567017e+02 4.050311760291328174e-03 2.904731523792054675e-04
2.546624045154292730e+02 3.313415836380901279e-03 2.394800547488595301e-04
2.738429387518571048e+02 2.710455293310299295e-03 1.975207086534016589e-04
2.944681027690132282e+02 2.217013607798168015e-03 1.629826709229122714e-04
3.166467024623763677e+02 1.813156396652992148e-03 1.345430625975972336e-04
3.404957387148543262e+02 1.482599888039623200e-03 1.111163187081809652e-04
3.661410246227016501e+02 1.212035778004457061e-03 9.181140021170015734e-05
3.937178492093520958e+02 9.905825856599379149e-04 7.589675036786175171e-05
4.233716911285081324e+02 8.093380943048549903e-04 6.276124783679988800e-05
4.552589861215656128e+02 6.610107426156194583e-04 5.189955757997575381e-05
4.895479522780014463e+02 5.396340013885706725e-04 4.291763101972393671e-05
5.264194774523130036e+02 4.403270348229445640e-04 3.549014940073086887e-05
5.660680735189732786e+02 3.590952454213327009e-04 2.934809481696072097e-05
6.087029024994778865e+02 2.926679878410389847e-04 2.426900658151590501e-05
6.545488799747163284e+02 2.383664091875423846e-04 2.006892386463452889e-05
7.038478616035883988e+02 1.939957231554430002e-04 1.659572276811919510e-05
7.568599190072418423e+02 1.577573232829038792e-04 1.372360650994404616e-05
8.138647117497013141e+02 1.281807870348584911e-04 1.134854915759255055e-05
8.751629626526533912e+02 1.041231803851249202e-04 9.384527885506928821e-06
9.410780442272319988e+02 8.458082482022045881e-05 7.760407291793438352e-06
1.011957684591884345e+03 6.870627559404412956e-05 6.417362926432114009e-06
1.088175801875682055e+03 5.581114059881142717e-05 5.306750713083795270e-06
1.170134476784307026e+03 4.533622857604475726e-05 4.388345096522768495e-06
1.258266073734755992e+03 3.682730005957162957e-05 3.628882102695307511e-06
1.353035521748601468e+03 2.991536950196049653e-05 3.000854542113605322e-06
1.454942767136405337e+03 2.430070439568469916e-05 2.481515719740645434e-06
1.564525410912205189e+03 1.973982751868574555e-05 2.052055566472966021e-06
1.682361544851421058e+03 1.603495866303600512e-05 1.696919352311339357e-06
1.809072801153558885e+03 1.302543799239797378e-05 1.403244305512649390e-06
1.945327631797844106e+03 1.058075910634633491e-05 1.160393732484466068e-06
2.091844834891742721e+03 8.594909693775336669e-06 9.595717645882855069e-07
2.249397346615179686e+03 6.981774360579181610e-06 7.935047782649085742e-07
2.418816318764515472e+03 5.671400277462276358e-06 6.561779497538672787e-07
2.600995503406918033e+03 4.606963709513347351e-06 5.426174026130959171e-07
2.796895967775888494e+03 3.742305882572973844e-06 4.487100575827444741e-07
3.007551164280962894e+03 3.039931330437967112e-06 3.710546598879956096e-07
3.234072382377780286e+03 2.469381922202643617e-06 3.068385882997661511e-07
3.477654611059384933e+03 2.005916060223199911e-06 2.537359840682560172e-07
3.739582842895640624e+03 1.629435772767103716e-06 2.098235100344967495e-07
4.021238852877169847e+03 1.323615175242027816e-06 1.735106887770140316e-07
4.324108487824763870e+03 1.075192506149427431e-06 1.434822966927015349e-07
4.649789504818885689e+03 8.733950372459963361e-07 1.186507275679706211e-07
4.999999999999999091e+03 7.094719194219570189e-07 9.811660028386582994e-08
