# ----------------------------------------------------
# 			Analysis summary (2016-11-24) 
# ----------------------------------------------------
#  - Cosmic ray species 	: H He
#  - Experiments (He data)	: AMS02, BESS97, BESS98, BESS99, BESS00, BESSPOLAR1, BESSPOLAR2
#  - Modulation model 		: 1D model
#  - Diffusion coefficient 	: K(r) = K0 * r ^ (0)
# ----------------------------------------------------
# Column 1 : E_TOA
# Column 3 : Flux_TOA(AMS02)
# Column 3 : Flux_TOA(BESS97)
# Column 3 : Flux_TOA(BESS98)
# Column 3 : Flux_TOA(BESS99)
# Column 3 : Flux_TOA(BESS00)
# Column 3 : Flux_TOA(BESSPOLAR1)
# Column 3 : Flux_TOA(BESSPOLAR2)
# 
8.806899999999999451e-02 1.369883683238844299e+02 2.940674627937165155e+02 2.046922993799050516e+02 1.546724917951280815e+02 2.975137955055314976e+01 1.156951256988603660e+02 2.757685710627503113e+02
9.478292164299262357e-02 1.434724733499668048e+02 3.039194320248337249e+02 2.129837220374014066e+02 1.616896346481388491e+02 3.171541559211752670e+01 1.214721911071609810e+02 2.853671950097783565e+02
1.020086776866057504e-01 1.498507764761417604e+02 3.131022547819960096e+02 2.209481715135244713e+02 1.685480046734433870e+02 3.374864913796335486e+01 1.272012140307978854e+02 2.943695193855284060e+02
1.097852877184349041e-01 1.560611174791970939e+02 3.214986040961285312e+02 2.284956501481564999e+02 1.751775274780454197e+02 3.584317663077028016e+01 1.328301469116129283e+02 3.026630640718605605e+02
1.181547459761075475e-01 1.620378470251190208e+02 3.289952116852642803e+02 2.355349736957739140e+02 1.815050710038875081e+02 3.798914150510249499e+01 1.383031296065578317e+02 3.101381517716811800e+02
1.271622481191009568e-01 1.677128617189623867e+02 3.354851760148071662e+02 2.419755336346233037e+02 1.874556890544434395e+02 4.017462855926152798e+01 1.435612635991463151e+02 3.166901497869917534e+02
1.368564352884616975e-01 1.730168302996310672e+02 3.408702872449335928e+02 2.477292210586836347e+02 1.929540546121720865e+02 4.238560284188753968e+01 1.485435712152492442e+02 3.222217735019356155e+02
1.472896567723666061e-01 1.778805850059286513e+02 3.450633953752574712e+02 2.527124601739730849e+02 1.979260482050535472e+02 4.460590424721410585e+01 1.531881248365565682e+02 3.266454398141571005e+02
1.585182526959373062e-01 1.822366399696024075e+02 3.479907123300061471e+02 2.568482756939282581e+02 2.023004530594095343e+02 4.681730824251575029e+01 1.574333203136319810e+02 3.298855639969402773e+02
1.706028582618530354e-01 1.860207882162546866e+02 3.495938952616041888e+02 2.600683096881044207e+02 2.060106989042537293e+02 4.899966149213565103e+01 1.612192585144564418e+02 3.318806663311899570e+02
1.836087311846823777e-01 1.891737206379206384e+02 3.498317888482809508e+02 2.623147040017865947e+02 2.089965895035611254e+02 5.113109854503824891e+01 1.644891897599655124e+02 3.325851771835426121e+02
1.976061040871027463e-01 1.916426045528680504e+02 3.486817410485348887e+02 2.635417681246136112e+02 2.112059450900802346e+02 5.318834225438395436e+01 1.671909685001105288e+02 3.319708556175432363e+02
2.126705637609704047e-01 1.933825569187847293e+02 3.461404303339709827e+02 2.637173589244048912e+02 2.125960904861608753e+02 5.514708633604482202e+01 1.692784607556330059e+02 3.300277557575825540e+02
2.288834593412792939e-01 1.943579484958686976e+02 3.422241635355539984e+02 2.628239092567177977e+02 2.131351233987097658e+02 5.698245368897201502e+01 1.707128452330987045e+02 3.267646942953825260e+02
2.463323415971745145e-01 1.945434804657107861e+02 3.369686269544347965e+02 2.608590571414196120e+02 2.128029052350535437e+02 5.866951912552128334e+01 1.714637509868070424e+02 3.222091945933883039e+02
2.651114357122243415e-01 1.939249840244756626e+02 3.304280981947766236e+02 2.578358451121357007e+02 2.115917284316049063e+02 6.018388039038297421e+01 1.715101801162441006e+02 3.164069066439770950e+02
2.853221501069961308e-01 1.924999057672742424e+02 3.226741506194603630e+02 2.537824793079487051e+02 2.095066289992858799e+02 6.150225720440850097e+01 1.708411729957893783e+02 3.094205260970708764e+02
3.070736240516140358e-01 1.902774564488549913e+02 3.137939047835474753e+02 2.487416585187446003e+02 2.065653297716560246e+02 6.260309495504995425e+01 1.694561853711633148e+02 3.013282580631386054e+02
3.304833170254449781e-01 1.872784169051942627e+02 3.038879002128018669e+02 2.427695032898641330e+02 2.027978175121268407e+02 6.346714789979078120e+01 1.673651605036394301e+02 2.922218909556435165e+02
3.556776430064954031e-01 1.835346113915880437e+02 2.930676753156212726e+02 2.359341329911544278e+02 1.982455743447028453e+02 6.407801657275322782e+01 1.645882943996934955e+02 2.822045610413636609e+02
3.827926531157269663e-01 1.790880741692339768e+02 2.814531522918796327e+02 2.283139533162371322e+02 1.929604997196662737e+02 6.442261556603921235e+01 1.611555069543898924e+02 2.713882987674127776e+02
4.119747703026174213e-01 1.739899487938633627e+02 2.691699273206031648e+02 2.199957271572862680e+02 1.870035722775166676e+02 6.449155092050861526e+01 1.571056455148947748e+02 2.598914529027989602e+02
4.433815800393199891e-01 1.682991703693110708e+02 2.563465642045289883e+02 2.110725077195062056e+02 1.804433107521446686e+02 6.427939078221558589e+01 1.524854590194823061e+02 2.478360880800259451e+02
4.771826812932261075e-01 1.620809884410980146e+02 2.431119825590516541e+02 2.016415140021896946e+02 1.733540989914509964e+02 6.378481841445814382e+01 1.473483897817540083e+02 2.353454458643963108e+02
5.135606023732411929e-01 1.554117112649887247e+02 2.296359418525349270e+02 1.918239164682445619e+02 1.658247320282497412e+02 6.300022497641345609e+01 1.417549498379636361e+02 2.225801809102896698e+02
5.527117865954083165e-01 1.483774939995832085e+02 2.160541184442346037e+02 1.817329710016200011e+02 1.579495399420071635e+02 6.193751702940625137e+01 1.357801984566062572e+02 2.096723271420241304e+02
5.948476530905432158e-01 1.410522467604919257e+02 2.024525325428384122e+02 1.714530599833276199e+02 1.498062346432801064e+02 6.061777886478966337e+01 1.294921748645585069e+02 1.967083781896956509e+02
6.401957384823151465e-01 1.335104588433255799e+02 1.889373290553108973e+02 1.610769727386538648e+02 1.414750142318067105e+02 5.905632866279863435e+01 1.229573850008198121e+02 1.837924758388453199e+02
6.890009256009163030e-01 1.258246968476776857e+02 1.756050927330047102e+02 1.506919923186685821e+02 1.330331816208438340e+02 5.727146931888107417e+01 1.162416022043811807e+02 1.710199679469133116e+02
7.415267658674565832e-01 1.180644188332634315e+02 1.625420828423405908e+02 1.403788166432715343e+02 1.245539681190294914e+02 5.528399625369786463e+01 1.094086959558700727e+02 1.584765704707716623e+02
7.980569024900575625e-01 1.102949809851360072e+02 1.498237950409751136e+02 1.302107519518551157e+02 1.161055745621650317e+02 5.311666913836276649e+01 1.025196182399121057e+02 1.462378489338412919e+02
8.588966021569968134e-01 1.026654533653050834e+02 1.376934893959016506e+02 1.203840917006483977e+02 1.078507253102622627e+02 5.079963801627847886e+01 9.570541507673472381e+01 1.345384949653544311e+02
9.243744034981575819e-01 9.516329013795279934e+01 1.260511965814148709e+02 1.108486111588581622e+02 9.976718964362171960e+01 4.836112537133415401e+01 8.896484280442516024e+01 1.232885927222893372e+02
9.948438912165905590e-01 8.782838990230314380e+01 1.149221259557461252e+02 1.016396443391160318e+02 9.189410749000649048e+01 4.582625349463781106e+01 8.233810189671808644e+01 1.125156359887906063e+02
1.070685605470619528e+00 8.070103232148429129e+01 1.043357315136887848e+02 9.279439049716192756e+01 8.427134479496690744e+01 4.321995251644310088e+01 7.586541587183447177e+01 1.022508535376720715e+02
1.152309096817289102e+00 7.388466879793820397e+01 9.442908904149065563e+01 8.443458763330949068e+01 7.700795158520936923e+01 4.058209347504666908e+01 6.964242890911006612e+01 9.262872780805322748e+01
1.240155137813995445e+00 6.740513679453428608e+01 8.520159854989719861e+01 7.657525768325585602e+01 7.012714134713722558e+01 3.794029300041457020e+01 6.369779729793524581e+01 8.365187948285385744e+01
1.334698103221095611e+00 6.122093401341458474e+01 7.654921831097740892e+01 6.914593892905480743e+01 6.357951936331557619e+01 3.530309909344859420e+01 5.799983523251903961e+01 7.522276693728109365e+01
1.436448531658767402e+00 5.535526823017932685e+01 6.848121448096952690e+01 6.216420835800183653e+01 5.738695292515951252e+01 3.269234928934914564e+01 5.257314260555735785e+01 6.735237398191436853e+01
1.545955882551235394e+00 4.994257306863617174e+01 6.117457958436369836e+01 5.578689801723562880e+01 5.169061138070872374e+01 3.016781771988595295e+01 4.754288194431902781e+01 6.021414726118018734e+01
1.663811503246059864e+00 4.485231781358130121e+01 5.440488204160430286e+01 4.983783947465705921e+01 4.634703309570152641e+01 2.770407529563804161e+01 4.279528811473232963e+01 5.359270309014158329e+01
1.790651822331138954e+00 4.010274298794594472e+01 4.817990770709263870e+01 4.433080844682186239e+01 4.137333700097882172e+01 2.532060735925634631e+01 3.834985345757527142e+01 4.749703196407049433e+01
1.927161786393559284e+00 3.578871544428794493e+01 4.261510503437872899e+01 3.937185446405608502e+01 3.686783409218363516e+01 2.306895326301808069e+01 3.429658898738804140e+01 4.204097601385979743e+01
2.074078558779030246e+00 3.178147668603122611e+01 3.751113585650472970e+01 3.479715889813241603e+01 3.269166107797115473e+01 2.091101887761857725e+01 3.052007223260551783e+01 3.703175207321368845e+01
2.232195500325471205e+00 2.814063574854107586e+01 3.293595292159004373e+01 3.067109210823817023e+01 2.890594431104161899e+01 1.888414635454617141e+01 2.707770257741263364e+01 3.253673241681554629e+01
2.402366453566973981e+00 2.483598957914085759e+01 2.883522124631028305e+01 2.695157949251332141e+01 2.547708825963307788e+01 1.698649625529975538e+01 2.394371042090896040e+01 2.850385871083715728e+01
2.585510353543160278e+00 2.182297063088132560e+01 2.513840941343540791e+01 2.358109469226701194e+01 2.235677859462123607e+01 1.520738325828391346e+01 2.107848689874832360e+01 2.486498992114720252e+01
2.782616190112610965e+00 1.914410031268362289e+01 2.189111214534548822e+01 2.060406827722048106e+01 1.958817950904246175e+01 1.357756508085163993e+01 1.852356969789705943e+01 2.166555431487648065e+01
2.994748348567218610e+00 1.670485197936893940e+01 1.896309335089467396e+01 1.790775050216132769e+01 1.707139971429456793e+01 1.205705979426097230e+01 1.619167097853270931e+01 1.877847856085271516e+01
3.223052357387142575e+00 1.456703238280479162e+01 1.642552003799188398e+01 1.555902407975679580e+01 1.486981234751024061e+01 1.068681100369510872e+01 1.414237834745399880e+01 1.627419282565651315e+01
3.468761074174660841e+00 1.263178692038654916e+01 1.414844124105374590e+01 1.344299046637538098e+01 1.287979853604049296e+01 9.419027107971222890e+00 1.228332486703750703e+01 1.402544580464910240e+01
3.733201343171374642e+00 1.094960826156056299e+01 1.218905496328958016e+01 1.161378832298685460e+01 1.115297894362967490e+01 8.288838381126550914e+00 1.066340022686230782e+01 1.208891026705980032e+01
4.017801160309839581e+00 9.442265637116108223e+00 1.044736779981666608e+01 9.981876898137008070e+00 9.607744877726357657e+00 7.255516508647959384e+00 9.209001564614702318e+00 1.036645694993728029e+01
4.324097384491391693e+00 8.135229568691920932e+00 8.950532017199417822e+00 8.573697974320145576e+00 8.269880837130999751e+00 6.339228424258521954e+00 7.945133560152858543e+00 8.885123505957231771e+00
4.653744036731618294e+00 6.980918848648050457e+00 7.638514904279483986e+00 7.335169602306892855e+00 7.089857019244671044e+00 5.514496237308788018e+00 6.826894811407527186e+00 7.585934640872689982e+00
5.008521231989432998e+00 5.976871567823956788e+00 6.506014440715961911e+00 6.262377977756189651e+00 6.064784019904760903e+00 4.783082083243009208e+00 5.852399631385273970e+00 6.463838783966655122e+00
5.390344791912243139e+00 5.106783186094451921e+00 5.531645649895790662e+00 5.336369046563361529e+00 5.177563971785485109e+00 4.137574228559399714e+00 5.006433004388560093e+00 5.497883196666003336e+00
5.801276590406743594e+00 4.343467232733175365e+00 4.682325469844423438e+00 4.526849305521923661e+00 4.400072140764953232e+00 3.561942613484277764e+00 4.263109061679196010e+00 4.655476919266226865e+00
6.243535687902097564e+00 3.697350762472012331e+00 3.968423062404209389e+00 3.844244421933214806e+00 3.742742482965125461e+00 3.065909651505713374e+00 3.632834105751074905e+00 3.947002610550970125e+00
6.719510314431326847e+00 3.133843228074932874e+00 3.349312257956474248e+00 3.250758525254684894e+00 3.170010303316259659e+00 2.626969747887915929e+00 3.082377284206366141e+00 3.332330306318623592e+00
7.231770766240393833e+00 2.649635987225242850e+00 2.820385432902774880e+00 2.742401358824206437e+00 2.678361893563771190e+00 2.244171861679389757e+00 2.608712964030720727e+00 2.806961607610387599e+00
7.783083285567546916e+00 2.239234321253981363e+00 2.374601728451159133e+00 2.312861832452533406e+00 2.262055650779049465e+00 1.914967631839036510e+00 2.206689102402629388e+00 2.363984153525146681e+00
8.376424998544713674e+00 1.885311829758590907e+00 1.992041848960230732e+00 1.943428137575356152e+00 1.903342040474625296e+00 1.627453009721736343e+00 1.859573054533038894e+00 1.983689310764528368e+00
9.014999991886677222e+00 1.584437612738514467e+00 1.668417082665799134e+00 1.630214022130468843e+00 1.598651854178192000e+00 1.379896971782972548e+00 1.564126804222165434e+00 1.661858935660751824e+00
9.702256615183260990e+00 1.331036248420883306e+00 1.397135154827760850e+00 1.367101277802107218e+00 1.342244038428576092e+00 1.168828879438299939e+00 1.315007102739540246e+00 1.391983516940857424e+00
1.044190610222805127e+01 1.114491293128698768e+00 1.166267857673098263e+00 1.142768348148858193e+00 1.123285729218907791e+00 9.864996134024798247e-01 1.101902823559936184e+00 1.162240173701446500e+00
1.123794261194026767e+01 9.308241117477655813e-01 9.712429293708141342e-01 9.529180939529827699e-01 9.377006865292034643e-01 8.302080075872568798e-01 9.209727849804982824e-01 9.681044792642256036e-01
1.209466479710207665e+01 7.781504393199312197e-01 8.097826581761667919e-01 7.954555453044303004e-01 7.835401798133753148e-01 6.989024108148689240e-01 7.704233387104052477e-01 8.073305400631380913e-01
1.301669901738394763e+01 6.486363458463186848e-01 6.732868787678317757e-01 6.621325517906623270e-01 6.528425448228879491e-01 5.864971982619151536e-01 6.426016835269737770e-01 6.713790272573415541e-01
1.400902432201026926e+01 5.392384746255393102e-01 5.583746510389758777e-01 5.497234250615284923e-01 5.425082419029507719e-01 4.907133114098453652e-01 5.345440615494316816e-01 5.568958505909432644e-01
1.507699933697301731e+01 4.482038724914259586e-01 4.630658025893151231e-01 4.563525579413263422e-01 4.507465424985118152e-01 4.103094789392672248e-01 4.445510081816201886e-01 4.619189292485502696e-01
1.622639120198669005e+01 3.722812081059606593e-01 3.838172495505023929e-01 3.786104304338530069e-01 3.742572145416463436e-01 3.427150476894772479e-01 3.694407196113876357e-01 3.829282062173386958e-01
1.746340671344571049e+01 3.084911487984883793e-01 3.174145926130615414e-01 3.133900031006661702e-01 3.100213820444135959e-01 2.855077145940903005e-01 3.062901891385509945e-01 3.167277615649437550e-01
1.879472584155872283e+01 2.550780406489976393e-01 2.619589206213956412e-01 2.588577743890972949e-01 2.562592815449242223e-01 2.372718356037793186e-01 2.533781117898653013e-01 2.614299404529036863e-01
2.022753780265462353e+01 2.110088512007073647e-01 2.163219399099052809e-01 2.139289575774492580e-01 2.119218554829745971e-01 1.971999458389486759e-01 2.096942805989489289e-01 2.159139375808746819e-01
2.176957988145299083e+01 1.744320197231679914e-01 1.785314811948087166e-01 1.766862471734227114e-01 1.751371286978670727e-01 1.637338881164403237e-01 1.734163034202936826e-01 1.782170012024869854e-01
2.342917921294245076e+01 1.439196044253347739e-01 1.470735819758194896e-01 1.456547583668497403e-01 1.444625695153206046e-01 1.356568328809169000e-01 1.431371062890638424e-01 1.468318704777064609e-01
2.521529774949138769e+01 1.185367119457537421e-01 1.209569416445885753e-01 1.198688009376943225e-01 1.189537091884435571e-01 1.121728128231370136e-01 1.179354973076394836e-01 1.207716351769395624e-01
2.713758065601708935e+01 9.760213825099398055e-02 9.945906014518102189e-02 9.862461543444546452e-02 9.792232843989578939e-02 9.270264507096888373e-02 9.714031420502548808e-02 9.931700688890414408e-02
2.920640839455042936e+01 8.041972864815845334e-02 8.184649377016120497e-02 8.120565397001555663e-02 8.066592294280809650e-02 7.664325759822523954e-02 8.006450225248769315e-02 8.173743433956039139e-02
3.143295277945603772e+01 6.616182573156778601e-02 6.725543780788967307e-02 6.676445769455302548e-02 6.635066133666452093e-02 6.325843998310468064e-02 6.588926592837568430e-02 6.717190732452274493e-02
3.382923730601086021e+01 5.435768333195731272e-02 5.519411548953092467e-02 5.481875759520535990e-02 5.450220411252147679e-02 5.213073059160133055e-02 5.414901775651660004e-02 5.513027425928451741e-02
3.640820207811862019e+01 4.460528317790626168e-02 4.524376728921765400e-02 4.495735629067761779e-02 4.471566885118045953e-02 4.290076884537170898e-02 4.444585401263369262e-02 4.519506748955435388e-02
3.918377368577547060e+01 3.665013888058097496e-02 3.713865905441574716e-02 3.691959972910559967e-02 3.673464452010834908e-02 3.534274902120648765e-02 3.652805343588026027e-02 3.710142064723982031e-02
4.217094040962898305e+01 3.010876534341260652e-02 3.048243403762330300e-02 3.031493360002148960e-02 3.017343712842464679e-02 2.910643027442939845e-02 3.001530911772102433e-02 3.045396687539425259e-02
4.538583315874113566e+01 2.470992316308272263e-02 2.499523149830586849e-02 2.486738114647692177e-02 2.475932636461683836e-02 2.394293219051747343e-02 2.463851343338390940e-02 2.497350775518546867e-02
4.884581257862470949e+01 2.026141677512024314e-02 2.047891365678688319e-02 2.038148042669762905e-02 2.029909527239374262e-02 1.967551622973260153e-02 2.020694162840348806e-02 2.046236167411073781e-02
5.256956279994194148e+01 1.660131958701543606e-02 1.676689876738843288e-02 1.669274490962005877e-02 1.663001649234882931e-02 1.615440694779500530e-02 1.655982066864555152e-02 1.675430395103055456e-02
5.657719233411620507e+01 1.362409139166672299e-02 1.375049370475536596e-02 1.369390000260474645e-02 1.364600714801917497e-02 1.328231330475070950e-02 1.359239232024620977e-02 1.374088314083447490e-02
6.089034266069850077e+01 1.118223305596155806e-02 1.127874305223127219e-02 1.123554358740372176e-02 1.119897222653987688e-02 1.092084775419466421e-02 1.115801683880493674e-02 1.127140827096408809e-02
6.553230509286990468e+01 9.171672101188325585e-03 9.245265299550400884e-03 9.212331403911490010e-03 9.184440896385159120e-03 8.972042993859750959e-03 9.153196452706267167e-03 9.239674367038753361e-03
7.052814655215999551e+01 7.517982239945764956e-03 7.574036534190484518e-03 7.548956977510019872e-03 7.527711111134033697e-03 7.365706301892379661e-03 7.503902816046132372e-03 7.569779594273462475e-03
7.590484493157498491e+01 6.159113013296568621e-03 6.201764859497665115e-03 6.182685653882501360e-03 6.166517991555093940e-03 6.043086616657571825e-03 6.148394999353701089e-03 6.198526847227317157e-03
8.169143477810558807e+01 5.049901342410081061e-03 5.082397553717239377e-03 5.067863939315288453e-03 5.055544739776708998e-03 4.961389424514800993e-03 5.041731871792466159e-03 5.079931303897783877e-03
8.791916408130921923e+01 4.145317353487382520e-03 4.170122981076876054e-03 4.159030819491375125e-03 4.149626290565838760e-03 4.077674019330974203e-03 4.139078840130080983e-03 4.168240939088537107e-03
9.462166301463791740e+01 3.401023664696729929e-03 3.419938851730321659e-03 3.411482048567254788e-03 3.404310180932465860e-03 3.349386694909454835e-03 3.396264826734282129e-03 3.418504115396861064e-03
1.018351255407247038e+02 2.789125052575984302e-03 2.803535051659551865e-03 2.797093454876476825e-03 2.791629360502313230e-03 2.749746478504010248e-03 2.785498419065094225e-03 2.802442315993181315e-03
1.095985048613112696e+02 2.286443104437520246e-03 2.297411815361492804e-03 2.292509250163619720e-03 2.288349757607668726e-03 2.256439782959965799e-03 2.283681666947426619e-03 2.296580236394832417e-03
1.179537237672599588e+02 1.873755289087584118e-03 1.882098382471124234e-03 1.878369857126011401e-03 1.875205828548929567e-03 1.850913420537994005e-03 1.871654233428939095e-03 1.881466002006064193e-03
1.269459010245533790e+02 1.539008220922267372e-03 1.545377776479548316e-03 1.542531567567750807e-03 1.540115838331807072e-03 1.521555308777756141e-03 1.537403726911344172e-03 1.544895081242941750e-03
1.366235950187846697e+02 1.263991471305585387e-03 1.268852616072170493e-03 1.266680678843372420e-03 1.264836929778257076e-03 1.250661517726137919e-03 1.262766634293639766e-03 1.268484299968931700e-03
1.470390659738320664e+02 1.037806087599552236e-03 1.041513138340333751e-03 1.039857019819805236e-03 1.038450925727692426e-03 1.027633552681790760e-03 1.036871818359996278e-03 1.041232314393240399e-03
1.582485581607212168e+02 8.518880624557851992e-04 8.547130781568363636e-04 8.534511317550703665e-04 8.523795437894827413e-04 8.441307347041654635e-04 8.511759289757721975e-04 8.544991071441030437e-04
1.703126036206180061e+02 6.991448690114468543e-04 7.012964326936301819e-04 7.003354085423573426e-04 6.995192381457740515e-04 6.932331078275541991e-04 6.986023871261279111e-04 7.011334949876048836e-04
1.832963490420816584e+02 5.739885860057917372e-04 5.756277880186489197e-04 5.748956792699432081e-04 5.742738411896291650e-04 5.694820099854336565e-04 5.735752080559774991e-04 5.755036690514320902e-04
1.972699075577361043e+02 4.722243730664825835e-04 4.734774067650109768e-04 4.729178141164551842e-04 4.724424523269794211e-04 4.687776494352511561e-04 4.719083242206587796e-04 4.733825404882225393e-04
2.123087373600845922e+02 3.884337137879384093e-04 3.893909292039212018e-04 3.889634775334315626e-04 3.886003268000104058e-04 3.857993890280326989e-04 3.881922381561804178e-04 3.893184680123499457e-04
2.284940491810240815e+02 3.194704708554252088e-04 3.202013006978303975e-04 3.198749658045522666e-04 3.195976923180925806e-04 3.174582343094103161e-04 3.192860763826534630e-04 3.201459832965524496e-04
2.459132448354710334e+02 2.627300273063494290e-04 2.632877462499764337e-04 2.630387262887609557e-04 2.628271234434736872e-04 2.611937494304390978e-04 2.625892893291204792e-04 2.632455364504077003e-04
2.646603891972717406e+02 2.160591637708694237e-04 2.164846015500668350e-04 2.162946566046334705e-04 2.161332372848963205e-04 2.148867740308108975e-04 2.159517912804311858e-04 2.164524065326911171e-04
2.848367181560929566e+02 1.778316240294884414e-04 1.781565347434237016e-04 1.780114803599640999e-04 1.778881994767749571e-04 1.769359136925172343e-04 1.777496120737492641e-04 1.781319494666685826e-04
3.065511852983015615e+02 1.466208767087530960e-04 1.468696831691167562e-04 1.467586104418561145e-04 1.466642035568285014e-04 1.459347403220840342e-04 1.465580675960297954e-04 1.468508580515895433e-04
3.299210502639458014e+02 1.208818226753467198e-04 1.210722624702523828e-04 1.209872496366199275e-04 1.209149877969135890e-04 1.203564850069076123e-04 1.208337429463682175e-04 1.210578545211724938e-04
3.550725119570040533e+02 9.966066383661282744e-05 9.980637528467081125e-05 9.974133185480366624e-05 9.968604100065734449e-05 9.925860120153535016e-05 9.962387323588501437e-05 9.979535202951444160e-05
3.821413900282879581e+02 8.216794309912708752e-05 8.227940172020247541e-05 8.222965001860036208e-05 8.218735581640560005e-05 8.186031703555056850e-05 8.213979867545519252e-05 8.227097023309355695e-05
4.112738583110457284e+02 6.774977557234052635e-05 6.783503356730447075e-05 6.779697837691325759e-05 6.776462573109387608e-05 6.751440284373213174e-05 6.772824530096135975e-05 6.782858445365574831e-05
4.426272341698795003e+02 5.590007268500959205e-05 5.596543694904452984e-05 5.593626221945723553e-05 5.591145825810932307e-05 5.571958397182223319e-05 5.588356511554395982e-05 5.596049287550400016e-05
4.763708280255056593e+02 4.617385033253324791e-05 4.622405639276403762e-05 4.620164815557331448e-05 4.618259599726418828e-05 4.603518619051435675e-05 4.616116994956141642e-05 4.622025908577893487e-05
5.126868576428595361e+02 3.812212790723966898e-05 3.816065702204680168e-05 3.814346113033364902e-05 3.812883986532780175e-05 3.801568930465034030e-05 3.811239593943639237e-05 3.815774307324320310e-05
5.517714321197616982e+02 3.146045802750351879e-05 3.149000024677094513e-05 3.147681583170246840e-05 3.146560473851426753e-05 3.137882508927197382e-05 3.145299535406692587e-05 3.148776613033474239e-05
5.938356108897474996e+02 2.595186875158292925e-05 2.597450003141988766e-05 2.596440040287154813e-05 2.595581175713954268e-05 2.588931365635713876e-05 2.594615123141466803e-05 2.597278869441858296e-05
6.391065434577617452e+02 2.139912823384261149e-05 2.141644864685293096e-05 2.140871957310825109e-05 2.140214621364052575e-05 2.135123492572772516e-05 2.139475184140604623e-05 2.141513904630642490e-05
6.878286960233558602e+02 1.765476198793095803e-05 1.766803084664262055e-05 1.766211005353561853e-05 1.765707418836393180e-05 1.761805970053926761e-05 1.765140892003797869e-05 1.766702767407337912e-05
7.402651716152504378e+02 1.458189511234304680e-05 1.459208730317836207e-05 1.458753937227638154e-05 1.458367118206555070e-05 1.455370191707787638e-05 1.457931951466300717e-05 1.459131673640312511e-05
7.966991308660801678e+02 1.203840715062313473e-05 1.204623298398974939e-05 1.204274088226871674e-05 1.203977081964093250e-05 1.201676175366568779e-05 1.203642963024932815e-05 1.204564129849475704e-05
8.574353210995918744e+02 9.934275562386839930e-06 9.940284332689792987e-06 9.937602904536064170e-06 9.935322519438211260e-06 9.917660867061128208e-06 9.932757378238921925e-06 9.939829985642413432e-06
9.228017219874961938e+02 8.194533915558210334e-06 8.199150021268334173e-06 8.197089863413115771e-06 8.195338097875519236e-06 8.181777416416306935e-06 8.193367860465349808e-06 8.198800918531523667e-06
9.931513166626127713e+02 6.756810451171330360e-06 6.760361550992029071e-06 6.758776443307857278e-06 6.757428947763356215e-06 6.747006566026470038e-06 6.755913743609748065e-06 6.760092916872808168e-06
1.068863997852449074e+03 5.573752832659329494e-06 5.576487370748686940e-06 5.575266591829552989e-06 5.574229016025916816e-06 5.566209391155370445e-06 5.573062519738923739e-06 5.576280461958692681e-06
1.150348619326488006e+03 4.603495756311367100e-06 4.605593057904129017e-06 4.604656866333798910e-06 4.603861034180154569e-06 4.597706334469220191e-06 4.602966177698666059e-06 4.605434396078571443e-06
1.238045203735110363e+03 3.800411558094710846e-06 3.802013665823904392e-06 3.801298660546083982e-06 3.800690671904376681e-06 3.795983737945705865e-06 3.800006841179563547e-06 3.801892506320890912e-06
1.332427318762649065e+03 3.136043861410167121e-06 3.137260029666863291e-06 3.136717438485279062e-06 3.136255837870184198e-06 3.132676028346906958e-06 3.135736421875041554e-06 3.137168106271322373e-06
1.434004634425993800e+03 2.586697362792063587e-06 2.587611473623315046e-06 2.587203843482542014e-06 2.586856805800618581e-06 2.584158220161292677e-06 2.586466031389449497e-06 2.587542437703083821e-06
1.543325675328290117e+03 2.132657147773116631e-06 2.133333524570075650e-06 2.133032127100292429e-06 2.132775251330092811e-06 2.130769648936857835e-06 2.132485701560608785e-06 2.133282505459065953e-06
1.660980782730134706e+03 1.758706680654881489e-06 1.759204419817117086e-06 1.758982775918047025e-06 1.758793679820612765e-06 1.757311556772795893e-06 1.758580322644294518e-06 1.759166918383788179e-06
1.787605302433624047e+03 1.452575053861393864e-06 1.452962309371047726e-06 1.452789773166305547e-06 1.452642689471395464e-06 1.451493077200271386e-06 1.452476857160574234e-06 1.452933106176007430e-06
1.923883015694106007e+03 1.199272522655604938e-06 1.199580329652725946e-06 1.199443080516603808e-06 1.199326218708819324e-06 1.198416852888253775e-06 1.199194610384774272e-06 1.199557086329323121e-06
2.070549831686735160e+03 9.898350579852247222e-07 9.900873994739665849e-07 9.899747665037116411e-07 9.898790113553837170e-07 9.891382081365199923e-07 9.897713313478858668e-07 9.900683116273123742e-07
2.228397761467432247e+03 8.168074713443729487e-07 8.170225810620474252e-07 8.169264609409616154e-07 8.168448783632480816e-07 8.162177363023122847e-07 8.167532813854839481e-07 8.170062795491970882e-07
2.398279194887959420e+03 6.739976713349729918e-07 6.741889563548731373e-07 6.741034006950171946e-07 6.740308879923420277e-07 6.734766175929794732e-07 6.739495870573501727e-07 6.741744372579689226e-07
2.581111503560671736e+03 5.563532610020134497e-07 5.565235068303923719e-07 5.564473302703298627e-07 5.563828060833222845e-07 5.558908445551325569e-07 5.563105053919998223e-07 5.565105759051480031e-07
2.777881994729341386e+03 4.594797247623399629e-07 4.596019604685934781e-07 4.595473162168948170e-07 4.595009671010693137e-07 4.591456698194535987e-07 4.594489626624328579e-07 4.595926903536196509e-07
2.989653242797251096e+03 3.791100916272455500e-07 3.791909471441952793e-07 3.791548422311228314e-07 3.791241665335089368e-07 3.788874384855922333e-07 3.790896913382288644e-07 3.791848267509596855e-07
3.217568827303256512e+03 3.123665556660002823e-07 3.124129075089843610e-07 3.123922408115084180e-07 3.123746424660792850e-07 3.122376105404519739e-07 3.123548209820913736e-07 3.124094076588697620e-07
3.462859508331202960e+03 2.568353432014583791e-07 2.568551440644542300e-07 2.568463383772310243e-07 2.568388111192715469e-07 2.567792845631184061e-07 2.568303008533196594e-07 2.568536554016982789e-07
3.726849872700362084e+03 2.104864674851663071e-07 2.104896376165154793e-07 2.104882447659575578e-07 2.104870326460479184e-07 2.104767546122907828e-07 2.104856381816865092e-07 2.104894040221886462e-07
4.010965486826866254e+03 1.717540015550778371e-07 1.717542449542014374e-07 1.717541388863091651e-07 1.717540455246320327e-07 1.717531962538955177e-07 1.717539364837517361e-07 1.717542272217229112e-07
4.316740594881949619e+03 1.419417886734183908e-07 1.419576943580677546e-07 1.419505906554626753e-07 1.419445567333122052e-07 1.418980414026792325e-07 1.419377771612764713e-07 1.419564900166623372e-07
4.645826403817709433e+03 1.177487858377454348e-07 1.177721894416260130e-07 1.177617476816355117e-07 1.177528648903288299e-07 1.176839845319903369e-07 1.177428699051045985e-07 1.177704204120066359e-07
4.999999999999999091e+03 9.811660028386582994e-08 9.811660028386582994e-08 9.811660028386582994e-08 9.811660028386582994e-08 9.811660028386582994e-08 9.811660028386582994e-08 9.811660028386582994e-08
