# ----------------------------------------------------
# 			Analysis summary (2016-12-16) 
# ----------------------------------------------------
#  - Cosmic ray species 	: H He
#  - Experiments 			: AMS01, AMS02, BESS97, BESS98, BESS99, BESS00, BESSPOLAR1, BESSPOLAR2, PAMELA0608, PAMELA2006, PAMELA2007, PAMELA2008, PAMELA2009
#  - Modulation model 		: FF model
# ----------------------------------------------------
# Column 1 : E_IS
# Column 2 : Flux_IS(H)
# Column 3 : Flux_IS(He)
# 
1.000000000000000056e-01 1.611182538886735565e+05 7.959100692843312572e+03
1.075317494441021399e-01 1.445865427398703177e+05 7.300254531130005489e+03
1.156307713850916186e-01 1.297510855344362644e+05 6.695946976422220359e+03
1.243397913660992671e-01 1.164378363182358444e+05 6.141663378977789762e+03
1.337047529111131672e-01 1.044906073088229896e+05 5.630238061727253807e+03
1.437750598952340919e-01 9.376923653859298793e+04 5.152686994168710044e+03
1.546038371696508984e-01 8.414794350887252949e+04 4.707517659361011283e+03
1.662482108162366690e-01 7.551385356388267246e+04 4.293395053298128005e+03
1.787696095102182803e-01 6.776567367289582035e+04 3.908948484172125973e+03
1.922340885807277133e-01 6.081250408518128097e+04 3.552783540553614785e+03
2.067126784787814975e-01 5.457277191637139913e+04 3.223493208280615363e+03
2.222817594909957672e-01 4.897327415533964086e+04 2.919668102761603222e+03
2.390234646757992965e-01 4.394831886438513902e+04 2.639905796345371527e+03
2.570261131477925010e-01 3.943895449749269028e+04 2.382819232472928888e+03
2.763846759959986965e-01 3.539227829521794774e+04 2.147044229409732907e+03
2.972012772939107705e-01 3.176081564245807022e+04 1.931246086386371189e+03
3.195857328443593715e-01 2.850196310788240953e+04 1.734125313904464292e+03
3.436561295012941497e-01 2.557748863090019222e+04 1.554422517765872954e+03
3.695394481246307983e-01 2.295308299248006006e+04 1.390922473050405870e+03
3.973722334544957380e-01 2.059795730778652796e+04 1.242457429814755415e+03
4.273013144387209361e-01 1.848448181851639674e+04 1.107909696741845664e+03
4.594845788136004971e-01 1.657804518638275840e+04 9.862135523803547130e+02
4.940918060241288878e-01 1.483851039494912584e+04 8.763565360358155658e+02
5.313055628777054729e-01 1.325431791561335012e+04 7.773801718737680631e+02
5.713221666562308121e-01 1.181511584265416786e+04 6.883801804473448556e+02
6.143527207673936674e-01 1.051079434287310687e+04 6.085062317468925812e+02
6.606242283986181185e-01 9.331543350891814043e+03 5.369612930717902373e+02
7.103807900486351912e-01 8.267900339912544950e+03 4.730006236311243697e+02
7.638848912541316150e-01 7.310788750675809752e+03 4.159304658762335407e+02
8.214187873047449351e-01 6.451547727918587043e+03 3.651064812392656904e+02
8.832859922513204287e-01 5.681953861007325031e+03 3.199319752800203105e+02
9.498128800625412760e-01 4.994235655124615732e+03 2.798559543063362298e+02
1.021350406376662301e+00 4.381081473144138727e+03 2.443710524048210289e+02
1.098275959931271473e+00 3.835641687949231255e+03 2.130113645663138300e+02
1.180995353438102580e+00 3.351525772316911571e+03 1.853502182760047106e+02
1.269944964405548937e+00 2.922795030471816517e+03 1.609979126167679624e+02
1.365594037202567002e+00 2.543951643853869427e+03 1.395994506546068123e+02
1.468447158508263461e+00 2.209924665297642605e+03 1.208322876791471430e+02
1.579046919206142485e+00 1.916053552345165826e+03 1.044041147951091801e+02
1.697976776765563134e+00 1.658069783332660563e+03 9.005069443167390375e+01
1.825864133210586937e+00 1.432077050587656458e+03 7.753376157846575722e+01
1.963383644913735626e+00 1.234530474772528805e+03 6.663900198673034936e+01
2.111260781675118103e+00 1.062215234181990354e+03 5.717411620411272111e+01
2.270275653862480425e+00 9.122249535532546361e+02 4.896697614840398671e+01
2.441267127801854286e+00 7.819401494309689724e+02 4.186387897264548030e+01
2.625137251129118443e+00 6.690069839477004052e+02 3.572790123020509867e+01
2.822856011447954394e+00 5.713165364987904695e+02 3.043741360068943536e+01
3.035466453397989373e+00 4.869847635432382731e+02 2.588513069888798412e+01
3.264090181127699442e+00 4.143332808704396939e+02 2.197616507194226898e+01
3.509933275199776048e+00 3.518710702543127695e+02 1.862640524500654848e+01
3.774292655142990949e+00 2.982771835016475279e+02 1.576153247317765072e+01
4.058562921215511210e+00 2.523844914459724578e+02 1.331609092392373128e+01
4.364243711472695963e+00 2.131645033356516592e+02 1.123260901670460399e+01
4.692947612950804093e+00 1.797132631604953872e+02 9.460776318467150503e+00
5.046408668701230837e+00 1.512383135622096404e+02 7.956678517590123789e+00
5.426491525553258199e+00 1.270467048611474183e+02 6.682091440124925619e+00
5.835201270863365153e+00 1.065340161678325899e+02 5.603833803685901671e+00
6.274694010143857525e+00 8.917437308846794508e+01 4.693177396857345585e+00
6.747288241371978579e+00 7.451260735685765724e+01 3.925312595500942248e+00
7.255477085983478069e+00 6.215556999608497790e+01 3.278866552131426637e+00
7.801941441073996231e+00 5.176242407229835152e+01 2.735470991915708083e+00
8.389564122191261575e+00 4.303849560274843356e+01 2.279376291842472479e+00
9.021445071326995802e+00 3.572984595520804874e+01 1.897108383277252841e+00
9.700917710336646849e+00 2.961832223795212826e+01 1.577164979856990223e+00
1.043156652605773260e+01 2.451707610120302050e+01 1.309747672326289081e+00
1.121724597989522465e+01 2.026653348316565584e+01 1.086526531776649040e+00
1.206210084162955987e+01 1.673079211259194565e+01 9.004340075227803553e-01
1.297058805471602838e+01 1.379441969019177350e+01 7.454850825209967669e-01
1.394750024842388747e+01 1.135962330028239187e+01 6.166208469077842924e-01
1.499799102085069080e+01 9.343759466390586965e+00 5.095728599486663013e-01
1.612760212619011213e+01 7.677154104973190840e+00 4.207458852053954090e-01
1.734229270967643188e+01 6.301202226364547521e+00 3.471167973467008672e-01
1.864847074443206054e+01 5.166718388979297139e+00 2.861476673604992915e-01
2.005302683605936309e+01 4.232510468998502695e+00 2.357112327219534065e-01
2.156337057330992835e+01 3.464151128252277889e+00 1.940271480313022767e-01
2.318746961659487127e+01 2.832923337987983903e+00 1.596075882456860218e-01
2.493389173054409724e+01 2.314918358284696609e+00 1.312110157301839275e-01
2.681184998235239547e+01 1.890266614215850405e+00 1.078043143494639144e-01
2.883125134435170622e+01 1.542483899406394965e+00 8.852812496278615606e-02
3.100274895720762558e+01 1.257917238430914297e+00 7.266682725281746469e-02
3.333779832944847499e+01 1.025276526275177291e+00 5.962542239091585955e-02
3.584871776980262581e+01 8.352397200213792505e-01 4.890999344416198380e-02
3.854875337114745548e+01 6.801208767245591202e-01 4.011115200714359535e-02
4.145214888888718008e+01 5.535917096646094659e-01 3.289005420917989753e-02
4.457422088239431446e+01 4.504485747278530461e-01 2.696661876152739445e-02
4.793143951591693508e+01 3.664179047369309217e-01 2.210962528842472935e-02
5.154151544520713202e+01 2.979944235808863473e-01 1.812836234830257284e-02
5.542349324823331358e+01 2.423087958460056202e-01 1.486530375042744226e-02
5.959785189285914697e+01 1.970120806122636070e-01 1.219085480621262541e-02
6.408661277149634827e+01 1.601814676841069041e-01 9.998772439927557446e-03
6.891345587265745110e+01 1.302448349203886302e-01 8.201973520326807238e-03
7.410384470225787368e+01 1.059182209512595507e-01 6.729087756065992715e-03
7.968516061367853354e+01 8.615408401738977595e-02 5.521628331845798016e-03
8.568684725523111467e+01 7.009857382257499159e-02 4.531670198806010512e-03
9.214056589704568978e+01 5.705631417760684276e-02 3.719945406858715230e-03
9.908036245678894716e+01 4.646142851326000300e-02 3.054280928022409716e-03
1.065428471053425881e+02 3.785303917143888891e-02 2.508317659527786909e-03
1.145673873999297570e+02 3.085469640198877303e-02 2.060460203725746845e-03
1.231963159635462546e+02 2.516165129869122469e-02 1.693016004849136162e-03
1.324751538062850500e+02 2.052765550939696440e-02 1.391489816826066081e-03
1.424528504666633069e+02 1.675355295511236214e-02 1.144005559947667032e-03
1.531820422397939296e+02 1.367813437380459990e-02 9.408326274147715655e-04
1.647193298546538358e+02 1.117079781346385497e-02 7.739978158275030024e-04
1.771255770653106083e+02 9.125652139634093940e-03 6.369674336172583126e-04
1.904662317312897528e+02 7.456774889382889598e-03 5.243869179037117557e-04
2.048116710809135554e+02 6.094394593062328787e-03 4.318675282227683724e-04
2.202375729790064725e+02 4.981814282233860622e-03 3.558103396691031438e-04
2.368253151575567017e+02 4.072929881814262541e-03 2.932640465081007590e-04
2.546624045154292730e+02 3.330226568120580460e-03 2.418099137055198025e-04
2.738429387518571048e+02 2.723159550771287688e-03 1.994652189260577178e-04
2.944681027690132282e+02 2.226844355758819064e-03 1.646041673644821075e-04
3.166467024623763677e+02 1.820996534880817228e-03 1.358932303906559835e-04
3.404957387148543262e+02 1.489072580720168272e-03 1.122382645093706292e-04
3.661410246227016501e+02 1.217573300906833094e-03 9.274125369298278460e-05
3.937178492093520958e+02 9.954784865397615489e-04 7.666491481443954306e-05
4.233716911285081324e+02 8.137864847298462590e-04 6.339426046072083162e-05
4.552589861215656128e+02 6.651358052516734677e-04 5.242115515456208875e-05
4.895479522780014463e+02 5.435115349923738551e-04 4.334741801178243866e-05
5.264194774523130036e+02 4.440001365312735418e-04 3.584428162157116718e-05
5.660680735189732786e+02 3.625856874729373137e-04 2.963988592393834780e-05
6.087029024994778865e+02 2.959843448903228479e-04 2.450942794332318855e-05
6.545488799747163284e+02 2.415097518114487024e-04 2.026701653476305147e-05
7.038478616035883988e+02 1.969635050458126029e-04 1.675893701681666447e-05
7.568599190072418423e+02 1.605459425266859053e-04 1.385808164965366905e-05
8.138647117497013141e+02 1.307861078867143508e-04 1.145934415862773189e-05
8.751629626526533912e+02 1.065241574997425759e-04 9.475811433767749231e-06
9.410780442272319988e+02 8.676300804714645468e-05 7.835614419584404340e-06
1.011957684591884345e+03 7.066772215877317623e-05 6.479324093935295472e-06
1.088175801875682055e+03 5.755825054377889998e-05 5.357798184826607545e-06
1.170134476784307026e+03 4.688069891678447852e-05 4.430400605550873321e-06
1.258266073734755992e+03 3.818392515690788698e-05 3.663529093211033311e-06
1.353035521748601468e+03 3.110047789552727946e-05 3.029397702769315647e-06
1.454942767136405337e+03 2.533107116032591797e-05 2.505030042903333612e-06
1.564525410912205189e+03 2.063193910669050291e-05 2.071426775729006544e-06
1.682361544851421058e+03 1.680453655544142481e-05 1.712877216527908925e-06
1.809072801153558885e+03 1.368715016959274008e-05 1.416390090771041335e-06
1.945327631797844106e+03 1.114806583013577511e-05 1.171222823140245573e-06
2.091844834891742721e+03 9.080003522511090531e-06 9.684923033440976604e-07
2.249397346615179686e+03 7.395584599612081791e-06 8.008530256624273998e-07
2.418816318764515472e+03 6.023639906572799190e-06 6.622309402956530286e-07
2.600995503406918033e+03 4.906202780231790624e-06 5.476033731933714939e-07
2.796895967775888494e+03 3.996059873115763330e-06 4.528170402290224726e-07
3.007551164280962894e+03 3.254756320685849461e-06 3.744375618544018724e-07
3.234072382377780286e+03 2.650970967255475236e-06 3.096250257202289978e-07
3.477654611059384933e+03 2.159193001505722643e-06 2.560310885410841965e-07
3.739582842895640624e+03 1.758644087520110767e-06 2.117138889114350359e-07
4.021238852877169847e+03 1.432400449803541276e-06 1.750676881210499247e-07
4.324108487824763870e+03 1.166677819097899954e-06 1.447646896556242764e-07
4.649789504818885689e+03 9.502490269126285447e-07 1.197069293369465913e-07
4.999999999999999091e+03 7.739696412901713683e-07 9.898649294499456590e-08
