# ----------------------------------------------------
# 			Analysis summary (2016-11-24) 
# ----------------------------------------------------
#  - Cosmic ray species 	: H He
#  - Experiments including He date 			: AMS02, BESS00
#  - Modulation model 		: FF model
# ----------------------------------------------------
# Column 1 : E_TOA
# Column 3 : Flux_TOA(AMS02)
# Column 3 : Flux_TOA(BESS00)
# 
8.806899999999999451e-02 1.414521549756243814e+02 3.450486267010145269e+01
9.478292164299262357e-02 1.467945481388274516e+02 3.628341195403821473e+01
1.020086776866057504e-01 1.519948436846384539e+02 3.809384132394924194e+01
1.097852877184349041e-01 1.570071352066950396e+02 3.992825401494978621e+01
1.181547459761075475e-01 1.617834029595945537e+02 4.177758364180908757e+01
1.271622481191009568e-01 1.662741008996679000e+02 4.363156860278637339e+01
1.368564352884616975e-01 1.704288550463332115e+02 4.547874781655365695e+01
1.472896567723666061e-01 1.741972671819781624e+02 4.730648188373109519e+01
1.585182526959373062e-01 1.775298127162647290e+02 4.910100368453780106e+01
1.706028582618530354e-01 1.803788160158249525e+02 5.084750214103524257e+01
1.836087311846823777e-01 1.826994809192231344e+02 5.253024235143701048e+01
1.976061040871027463e-01 1.844509488545133422e+02 5.413272451678665220e+01
2.126705637609704047e-01 1.855973523286966156e+02 5.563788300975242151e+01
2.288834593412792939e-01 1.861088279570257669e+02 5.702832557967607841e+01
2.463323415971745145e-01 1.859624510225582696e+02 5.828661106556416627e+01
2.651114357122243415e-01 1.851430531288452528e+02 5.939556214120045752e+01
2.853221501069961308e-01 1.836438860699708187e+02 6.033860761175403553e+01
3.070736240516140358e-01 1.814670987102040272e+02 6.110014671326864288e+01
3.304833170254449781e-01 1.786239994113975058e+02 6.166592585359521905e+01
3.556776430064954031e-01 1.751350841804408844e+02 6.202341641308597531e+01
3.827926531157269663e-01 1.710298198820279936e+02 6.216218074396243054e+01
4.119747703026174213e-01 1.663461820818131969e+02 6.207421251656192851e+01
4.433815800393199891e-01 1.611299577505565139e+02 6.175423719282684232e+01
4.771826812932261075e-01 1.554338335075052271e+02 6.119995876838568449e+01
5.135606023732411929e-01 1.493162996405274328e+02 6.041224007823923614e+01
5.527117865954083165e-01 1.428404081923339390e+02 5.939520591738137512e+01
5.948476530905432158e-01 1.360724294333188880e+02 5.815626093508988248e+01
6.401957384823151465e-01 1.290804546896092404e+02 5.670601760481473974e+01
6.890009256009163030e-01 1.219329945771406472e+02 5.505813337583963119e+01
7.415267658674565832e-01 1.146976202176909965e+02 5.322906015505449062e+01
7.980569024900575625e-01 1.074396911733185931e+02 5.123771329261739282e+01
8.588966021569968134e-01 1.002212079829547520e+02 4.910507098928957248e+01
9.243744034981575819e-01 9.309981979112180284e+01 4.685371825442625493e+01
9.948438912165905590e-01 8.612800916963996656e+01 4.450735200689247506e+01
1.070685605470619528e+00 7.935246741836486706e+01 4.209026546727304208e+01
1.152309096817289102e+00 7.281366493678550000e+01 3.962683054915981273e+01
1.240155137813995445e+00 6.654561316739697929e+01 3.714099650709425759e+01
1.334698103221095611e+00 6.057580751364466209e+01 3.465582170139840912e+01
1.436448531658767402e+00 5.492533480814398672e+01 3.219305312507058403e+01
1.545955882551235394e+00 4.960912451205427232e+01 2.977276548689141933e+01
1.663811503246059864e+00 4.463631991296875867e+01 2.741306837325296542e+01
1.790651822331138954e+00 4.001074410679543547e+01 2.512988654760971485e+01
1.927161786393559284e+00 3.573143536962031419e+01 2.293681501297246328e+01
2.074078558779030246e+00 3.179322746200258365e+01 2.084504725804201897e+01
2.232195500325471205e+00 2.818735223948316104e+01 1.886340440658804241e+01
2.402366453566973981e+00 2.490204452359199294e+01 1.699852268611337536e+01
2.585510353543160278e+00 2.192323839648991779e+01 1.525479615230853447e+01
2.782616190112610965e+00 1.923525505494402310e+01 1.363446394819400709e+01
2.994748348567218610e+00 1.682096756984261177e+01 1.213781085271135396e+01
3.223052357387142575e+00 1.466224462958351538e+01 1.076339386469285309e+01
3.468761074174660841e+00 1.274041126265019308e+01 9.508284056421029362e+00
3.733201343171374642e+00 1.103664920137159200e+01 8.368313919046409310e+00
4.017801160309839581e+00 9.532335940386420958e+00 7.338321636093550815e+00
4.324097384491391693e+00 8.209323741603848035e+00 6.412385133909833002e+00
4.653744036731618294e+00 7.050161569317454635e+00 5.584040261823287388e+00
5.008521231989432998e+00 6.038264222194781539e+00 4.846478956503228908e+00
5.390344791912243139e+00 5.158033799409259323e+00 4.192724668531552012e+00
5.801276590406743594e+00 4.394939144844206780e+00 3.615783617428600660e+00
6.243535687902097564e+00 3.735559111555302625e+00 3.108771556078335774e+00
6.719510314431326847e+00 3.167595436267091280e+00 2.665016645742199319e+00
7.231770766240393833e+00 2.679860767025782131e+00 2.278139762708875526e+00
7.783083285567546916e+00 2.262246998739864789e+00 1.942114083297441729e+00
8.376424998544713674e+00 1.905678588062991174e+00 1.651306140713057813e+00
9.014999991886677222e+00 1.602054981126027622e+00 1.400500736605046814e+00
9.702256615183260990e+00 1.344185728213888265e+00 1.184912147053601705e+00
1.044190610222805127e+01 1.125721304905641595e+00 1.000184013310946973e+00
1.123794261194026767e+01 9.410821292816239358e-01 8.423801775904962152e-01
1.209466479710207665e+01 7.853877735727916587e-01 7.079685373024064976e-01
1.301669901738394763e+01 6.543879250976674111e-01 5.937997683904998603e-01
1.400902432201026926e+01 5.443962603457921379e-01 4.970825276055181874e-01
1.507699933697301731e+01 4.522280591348693535e-01 4.153564990155640402e-01
1.622639120198669005e+01 3.751421018498482529e-01 3.464644128399232970e-01
1.746340671344571049e+01 3.107871589748597008e-01 2.885239427622542929e-01
1.879472584155872283e+01 2.571531943159887090e-01 2.399001864987236055e-01
2.022753780265462353e+01 2.125272566076958636e-01 1.991792565620268685e-01
2.176957988145299083e+01 1.754539233848451119e-01 1.651433550422173602e-01
2.342917921294245076e+01 1.447000808471833044e-01 1.367475775878048139e-01
2.521529774949138769e+01 1.192239434219685285e-01 1.130988701903543059e-01
2.713758065601708935e+01 9.814843397858848129e-02 9.343718951687537966e-02
2.920640839455042936e+01 8.073585265113208953e-02 7.711657500760954465e-02
3.143295277945603772e+01 6.636672078531964669e-02 6.358947343244633621e-02
3.382923730601086021e+01 5.452209545302997423e-02 5.239318469357742009e-02
3.640820207811862019e+01 4.476824593204075525e-02 4.313784741811620138e-02
3.918377368577547060e+01 3.674343898439196704e-02 3.549586573273134926e-02
4.217094040962898305e+01 3.014659431755097735e-02 2.919266489470673590e-02
4.538583315874113566e+01 2.472758649175333528e-02 2.399865673952216241e-02
4.884581257862470949e+01 2.027898672583092199e-02 1.972229436879920431e-02
5.256956279994194148e+01 1.662889448732303779e-02 1.620390418566823240e-02
5.657719233411620507e+01 1.363479188332771853e-02 1.331043226695608796e-02
6.089034266069850077e+01 1.117925979600051765e-02 1.093176045510364791e-02
6.553230509286990468e+01 9.165752125130351494e-03 8.976937418885125308e-03
7.052814655215999551e+01 7.514923510012686339e-03 7.370902255485319889e-03
7.590484493157498491e+01 6.161593670781806767e-03 6.051753702442141773e-03
8.169143477810558807e+01 5.052240264790073057e-03 4.968477531161133963e-03
8.791916408130921923e+01 4.142929982220096979e-03 4.079057895847079326e-03
9.462166301463791740e+01 3.397612615978995616e-03 3.348909811095829130e-03
1.018351255407247038e+02 2.786715450959215655e-03 2.749579728009762976e-03
1.095985048613112696e+02 2.285985888855266226e-03 2.257669562242170264e-03
1.179537237672599588e+02 1.875539069427896010e-03 1.853946674146672276e-03
1.269459010245533790e+02 1.539074636044058869e-03 1.522608372421536049e-03
1.366235950187846697e+02 1.263232952442735991e-03 1.250674653770768004e-03
1.470390659738320664e+02 1.037066205074696056e-03 1.027487231996567678e-03
1.582485581607212168e+02 8.516040876812459989e-04 8.442965654018514451e-04
1.703126036206180061e+02 6.994973031881333327e-04 6.939216621354048946e-04
1.832963490420816584e+02 5.747250517517873145e-04 5.704700168975330738e-04
1.972699075577361043e+02 4.723551033827635992e-04 4.691071852192142265e-04
2.123087373600845922e+02 3.883466341071559148e-04 3.858668449009195270e-04
2.284940491810240815e+02 3.193877612622132841e-04 3.174939115786155073e-04
2.459132448354710334e+02 2.627659911371197331e-04 2.613192099625705873e-04
2.646603891972717406e+02 2.162601451153567899e-04 2.151545601212306814e-04
2.848367181560929566e+02 1.780510300158849395e-04 1.772059096716760342e-04
3.065511852983015615e+02 1.466483915149111310e-04 1.460021614412694536e-04
3.299210502639458014e+02 1.208311793680897126e-04 1.203368653975235743e-04
3.550725119570040533e+02 9.959869467739510690e-05 9.922045200817928743e-05
3.821413900282879581e+02 8.213063300306264712e-05 8.184110220983660056e-05
4.112738583110457284e+02 6.775175507720784015e-05 6.752993349425193310e-05
4.426272341698795003e+02 5.589332561218639212e-05 5.572324685368628387e-05
4.763708280255056593e+02 4.610965987577137707e-05 4.597925888537224748e-05
5.126868576428595361e+02 3.803793905345269566e-05 3.793796269206496717e-05
5.517714321197616982e+02 3.137874836825015176e-05 3.130210044376381337e-05
5.938356108897474996e+02 2.588500698548728933e-05 2.582624573236671237e-05
6.391065434577617452e+02 2.135282837808654576e-05 2.130778093446263587e-05
6.878286960233558602e+02 1.761397505280350474e-05 1.757944171809372135e-05
7.402651716152504378e+02 1.452962992707379141e-05 1.450315730813335691e-05
7.966991308660801678e+02 1.198525492121011891e-05 1.196496193198243527e-05
8.574353210995918744e+02 9.886347236660384514e-06 9.870791645440121369e-06
9.228017219874961938e+02 8.154936773513030848e-06 8.143012854768363114e-06
9.931513166626127713e+02 6.726695396563095787e-06 6.717555441762100424e-06
1.068863997852449074e+03 5.548551280100406434e-06 5.541545408586411689e-06
1.150348619326488006e+03 4.576720167443376584e-06 4.571350172744477649e-06
1.238045203735110363e+03 3.775080750853084488e-06 3.770964711023218420e-06
1.332427318762649065e+03 3.113834072320167527e-06 3.110679214980508730e-06
1.434004634425993800e+03 2.568397330226408624e-06 2.565979227648070209e-06
1.543325675328290117e+03 2.118491135068376577e-06 2.116637753169121386e-06
1.660980782730134706e+03 1.747386406785539008e-06 1.745965875980781648e-06
1.787605302433624047e+03 1.441283009214196801e-06 1.440194248976837873e-06
1.923883015694106007e+03 1.188797090700792057e-06 1.187962622105390208e-06
2.070549831686735160e+03 9.805381232057071242e-07 9.798985589783912303e-07
2.228397761467432247e+03 8.087599534146586121e-07 8.082697740699322030e-07
2.398279194887959420e+03 6.670729208091622710e-07 6.666972367569152459e-07
2.581111503560671736e+03 5.502063604020697376e-07 5.499184299220306827e-07
2.777881994729341386e+03 4.538126754018412985e-07 4.535920020686809090e-07
2.989653242797251096e+03 3.743057063766932424e-07 3.741365806836992884e-07
3.217568827303256512e+03 3.087273954819885468e-07 3.085977769735584173e-07
3.462859508331202960e+03 2.546377940047994482e-07 2.545384544271671907e-07
3.726849872700362084e+03 2.100243276848657071e-07 2.099481942175020307e-07
4.010965486826866254e+03 1.732269490381099647e-07 1.731686008920874092e-07
4.316740594881949619e+03 1.428763956932255467e-07 1.428316782674101424e-07
4.645826403817709433e+03 1.178432603923076988e-07 1.178089895378115719e-07
4.999999999999999091e+03 9.719597982947835704e-08 9.716971518128921867e-08
