# ----------------------------------------------------
# 			Analysis summary (2016-11-24) 
# ----------------------------------------------------
#  - Cosmic ray species 	: H He
#  - Experiments including H date 			: AMS02, BESS00, PAMELA2008
#  - Modulation model 		: FF model
# ----------------------------------------------------
# Column 1 : E_TOA
# Column 2 : Flux_TOA(AMS02)
# Column 2 : Flux_TOA(BESS00)
# Column 2 : Flux_TOA(PAMELA2008)
# 
8.806899999999999451e-02 4.216191472983455242e+02 8.208020790105175024e+01 1.025337808495141644e+03
9.478292164299262357e-02 4.448648084654569743e+02 8.728206885723116670e+01 1.075187917133049268e+03
1.020086776866057504e-01 4.687511558722530367e+02 9.273328249221351882e+01 1.125508726804760954e+03
1.097852877184349041e-01 4.932041845984579709e+02 9.843393342338767127e+01 1.176028283556631095e+03
1.181547459761075475e-01 5.181352707136975368e+02 1.043820368492265658e+02 1.226441878838894354e+03
1.271622481191009568e-01 5.434403115330723040e+02 1.105732317905493289e+02 1.276412465763163937e+03
1.368564352884616975e-01 5.689990342882646246e+02 1.170004583477746962e+02 1.325571858018260400e+03
1.472896567723666061e-01 5.946745251375544967e+02 1.236536230756002226e+02 1.373522815539512521e+03
1.585182526959373062e-01 6.203130341300178543e+02 1.305192579327737690e+02 1.419842107947144086e+03
1.706028582618530354e-01 6.457441138718245384e+02 1.375801797809436380e+02 1.464084626476299263e+03
1.836087311846823777e-01 6.707811496834632408e+02 1.448151590597919949e+02 1.505788587091440149e+03
1.976061040871027463e-01 6.952223364355934336e+02 1.521986080170944717e+02 1.544481831603053251e+03
2.126705637609704047e-01 7.188521514797446343e+02 1.597003006651774513e+02 1.579689190312634764e+03
2.288834593412792939e-01 7.414433636887216608e+02 1.672851383918817589e+02 1.610940820070537711e+03
2.463323415971745145e-01 7.627596052589691453e+02 1.749129767747208462e+02 1.637781377417508793e+03
2.651114357122243415e-01 7.825585154627232214e+02 1.825385305085453069e+02 1.659779830195011755e+03
2.853221501069961308e-01 8.005954440875082128e+02 1.901113743154593010e+02 1.676539655821702127e+03
3.070736240516140358e-01 8.166276772958188985e+02 1.975760580985986792e+02 1.687709124045415592e+03
3.304833170254449781e-01 8.304191208696596505e+02 2.048723542549975036e+02 1.692991320405080614e+03
3.556776430064954031e-01 8.417453464455543326e+02 2.119356538017857474e+02 1.692153537897880369e+03
3.827926531157269663e-01 8.503988769361674258e+02 2.186975256305893254e+02 1.685035652114900358e+03
4.119747703026174213e-01 8.561945597318481305e+02 2.250864496518979649e+02 1.671557102316528471e+03
4.433815800393199891e-01 8.589748525543531059e+02 2.310287297365011625e+02 1.651722129381530749e+03
4.771826812932261075e-01 8.586148291474861480e+02 2.364495861859197987e+02 1.625622971665599152e+03
5.135606023732411929e-01 8.550267023849959287e+02 2.412744200386395903e+02 1.593440790290015002e+03
5.527117865954083165e-01 8.481636625988018068e+02 2.454302330224086575e+02 1.555444183290975388e+03
5.948476530905432158e-01 8.380228402117181759e+02 2.488471776942401448e+02 1.511985248848073979e+03
6.401957384823151465e-01 8.246472246304435885e+02 2.514602026937940593e+02 1.463493265622841136e+03
6.890009256009163030e-01 8.081264055063746810e+02 2.532107486155118181e+02 1.410466166362868080e+03
7.415267658674565832e-01 7.885960466820921511e+02 2.540484414209510646e+02 1.353460082346187164e+03
7.980569024900575625e-01 7.662360552898304604e+02 2.539327232678217570e+02 1.293077324249153435e+03
8.588966021569968134e-01 7.412674656502748576e+02 2.528343558407939327e+02 1.229953233822180664e+03
9.243744034981575819e-01 7.139481163486022979e+02 2.507367293954370382e+02 1.164742385981921643e+03
9.948438912165905590e-01 6.845672553493212718e+02 2.476369123155246541e+02 1.098104640003770101e+03
1.070685605470619528e+00 6.534392584849967989e+02 2.435463813911887030e+02 1.030691530840807445e+03
1.152309096817289102e+00 6.208966877081741131e+02 2.384913823557871240e+02 9.631334585960664754e+02
1.240155137813995445e+00 5.872829443916581340e+02 2.325128832814702662e+02 8.960280789983336263e+02
1.334698103221095611e+00 5.529447878743288811e+02 2.256660997188700435e+02 8.299302249542538448e+02
1.436448531658767402e+00 5.182249896188675393e+02 2.180195891596058289e+02 7.653436043890948213e+02
1.545955882551235394e+00 4.834553791263525682e+02 2.096539324220090066e+02 7.027144285843587568e+02
1.663811503246059864e+00 4.489505105378850658e+02 2.006600396427662645e+02 6.424270339233000868e+02
1.790651822331138954e+00 4.150021409244847632e+02 1.911371373452412854e+02 5.848014736753970055e+02
1.927161786393559284e+00 3.818746655451425340e+02 1.811905092254317537e+02 5.300929796086627448e+02
2.074078558779030246e+00 3.498016051219461247e+02 1.709290756783716461e+02 4.784931291143099088e+02
2.232195500325471205e+00 3.189831887901950722e+02 1.604629047756080240e+02 4.301325042389037208e+02
2.402366453566973981e+00 2.895850269756217585e+02 1.499007498455099778e+02 3.850845954131597750e+02
2.585510353543160278e+00 2.617378237437649773e+02 1.393477058564400863e+02 3.433706845156187910e+02
2.782616190112610965e+00 2.355380402780730549e+02 1.289030687317252841e+02 3.049654380701420564e+02
2.994748348567218610e+00 2.110493915065863177e+02 1.186584691978676460e+02 2.698029500146547548e+02
3.223052357387142575e+00 1.883050372375117547e+02 1.086963367684286226e+02 2.377829923074314706e+02
3.468761074174660841e+00 1.673103175383971859e+02 9.908873120383717037e+01 2.087772581458686432e+02
3.733201343171374642e+00 1.480458789791580614e+02 8.989655957841651457e+01 1.826354142289959555e+02
4.017801160309839581e+00 1.304710427745356185e+02 8.116917823451858283e+01 1.591908129116068267e+02
4.324097384491391693e+00 1.145272765053087767e+02 7.294436159139540621e+01 1.382657501544053957e+02
4.653744036731618294e+00 1.001416464880398109e+02 6.524860497188345221e+01 1.196761890973494928e+02
5.008521231989432998e+00 8.723014646861012977e+01 5.809771828623246392e+01 1.032359004856205473e+02
5.390344791912243139e+00 7.570081866410833982e+01 5.149785469051290221e+01 8.875999906535949435e+01
5.801276590406743594e+00 6.545666963699950713e+01 4.544662508979821780e+01 7.606787950696296718e+01
6.243535687902097564e+00 5.639871720945277644e+01 3.993374075789502342e+01 6.498589926729195554e+01
6.719510314431326847e+00 4.842758296362403314e+01 3.494218938415288278e+01 5.534942476482496687e+01
7.231770766240393833e+00 4.144495013982094633e+01 3.044949724297390148e+01 4.700313413198265522e+01
7.783083285567546916e+00 3.535520041259201918e+01 2.642896347045520855e+01 3.980191941389148269e+01
8.376424998544713674e+00 3.006670835849421408e+01 2.285082757504976314e+01 3.361155423981435320e+01
9.014999991886677222e+00 2.549281192026493770e+01 1.968334037539219494e+01 2.830899786663295359e+01
9.702256615183260990e+00 2.155249073692042217e+01 1.689371758400904611e+01 2.378239840539497152e+01
1.044190610222805127e+01 1.817078829419418540e+01 1.444896371800334833e+01 1.993085491960545141e+01
1.123794261194026767e+01 1.527901559671245124e+01 1.231656153240205676e+01 1.666399337338229003e+01
1.209466479710207665e+01 1.281477389539406886e+01 1.046502849344265584e+01 1.390140566951871115e+01
1.301669901738394763e+01 1.072183235177022631e+01 8.864346820891242373e+00 1.157199473151336910e+01
1.400902432201026926e+01 8.949893796148554515e+00 7.486277323043002419e+00 9.613262141944787231e+00
1.507699933697301731e+01 7.454278309762412569e+00 6.304569703242572487e+00 7.970568557451257696e+00
1.622639120198669005e+01 6.195550551089889169e+00 5.295083370586480598e+00 6.596391201882791044e+00
1.746340671344571049e+01 5.139112814487995173e+00 4.435833214137001157e+00 5.449597345221776301e+00
1.879472584155872283e+01 4.254781958056658375e+00 3.706974488974595694e+00 4.494747896089510419e+00
2.022753780265462353e+01 3.516364715337949143e+00 3.090740101779448690e+00 3.701441109139373964e+00
2.176957988145299083e+01 2.901242611356035450e+00 2.571342347620649615e+00 3.043702935256335618e+00
2.342917921294245076e+01 2.389974795463011059e+00 2.134849690724627713e+00 2.499427693282641805e+00
2.521529774949138769e+01 1.965924605794628688e+00 1.769047626652669569e+00 2.049870468306296267e+00
2.713758065601708935e+01 1.614913591383944080e+00 1.463291110789146865e+00 1.679190882674789886e+00
2.920640839455042936e+01 1.324905017981910405e+00 1.208354561463898413e+00 1.374046575275598592e+00
3.143295277945603772e+01 1.085717539755670424e+00 9.962840950364636461e-01 1.123233794600484670e+00
3.382923730601086021e+01 8.887686913073840067e-01 8.202554544842911577e-01 9.173718963993118258e-01
3.640820207811862019e+01 7.268470996538082263e-01 6.744400659197624659e-01 7.486281767762750228e-01
3.918377368577547060e+01 5.939117905270357989e-01 5.538808000936323861e-01 6.104793119977407478e-01
4.217094040962898305e+01 4.849166262095556679e-01 4.543783205141626036e-01 4.975056695580569177e-01
4.538583315874113566e+01 3.956577251531303019e-01 3.723883526300471591e-01 4.052148607204620334e-01
4.884581257862470949e+01 3.226416427216310390e-01 3.049297858916219517e-01 3.298910891305821269e-01
5.256956279994194148e+01 2.629717179299335683e-01 2.495027205264949699e-01 2.684667442313425356e-01
5.657719233411620507e+01 2.142509989520545721e-01 2.040170081304652216e-01 2.184135984699054345e-01
6.089034266069850077e+01 1.745012030482071264e-01 1.667309277216983132e-01 1.776527734842783257e-01
6.553230509286990468e+01 1.420927477200507050e-01 1.361968264227358949e-01 1.444777786981059076e-01
7.052814655215999551e+01 1.156855412966949076e-01 1.112142566376865954e-01 1.174898141998067941e-01
7.590484493157498491e+01 9.417927156396965760e-02 9.078990079460980134e-02 9.554381611358528370e-02
8.169143477810558807e+01 7.667180289076176714e-02 7.410346597904828025e-02 7.770358057555999676e-02
8.791916408130921923e+01 6.242446325891282816e-02 6.047878773985081169e-02 6.320453159306729796e-02
9.462166301463791740e+01 5.083316059052766372e-02 4.935944715189971577e-02 5.142290256060347287e-02
1.018351255407247038e+02 4.140435011990572373e-02 4.028817774658356721e-02 4.185023144699436676e-02
1.095985048613112696e+02 3.373388952318211176e-02 3.288836196716551225e-02 3.407110331908434764e-02
1.179537237672599588e+02 2.749179023539173594e-02 2.685114827103697935e-02 2.774690347580189426e-02
1.269459010245533790e+02 2.241036589469777920e-02 2.192486355717504498e-02 2.260342750879434232e-02
1.366235950187846697e+02 1.827246042564664719e-02 1.790445671527097701e-02 1.841860659284417015e-02
1.470390659738320664e+02 1.490183656309299054e-02 1.462284308932972759e-02 1.501249905691225649e-02
1.582485581607212168e+02 1.215540645558328692e-02 1.194385676878269298e-02 1.223922259476872658e-02
1.703126036206180061e+02 9.916948838387363088e-03 9.756512679367335128e-03 9.980447034495146252e-03
1.832963490420816584e+02 8.092026278737746853e-03 7.970335343956688051e-03 8.140142747732205530e-03
1.972699075577361043e+02 6.603871556506215983e-03 6.511556094271006741e-03 6.640339945041175834e-03
2.123087373600845922e+02 5.390056978731442953e-03 5.320017215227577749e-03 5.417702288441327181e-03
2.284940491810240815e+02 4.399796450526757483e-03 4.346651467339683432e-03 4.420756861296610066e-03
2.459132448354710334e+02 3.591759139633396783e-03 3.551429876096718653e-03 3.607653488367696705e-03
2.646603891972717406e+02 2.932296946378111328e-03 2.901690603874268037e-03 2.944351226725996050e-03
2.848367181560929566e+02 2.394006826401026775e-03 2.370777954862694683e-03 2.403149774301119139e-03
3.065511852983015615e+02 1.954564196063250919e-03 1.936933784276951599e-03 1.961499543906273114e-03
3.299210502639458014e+02 1.595775892363011407e-03 1.582394345044574281e-03 1.601037007181869932e-03
3.550725119570040533e+02 1.302811033467381717e-03 1.292654362773936394e-03 1.306802248981315520e-03
3.821413900282879581e+02 1.063576093466157228e-03 1.055867254615561104e-03 1.066603987333168951e-03
4.112738583110457284e+02 8.682067799133014229e-04 8.623560257204842226e-04 8.705038577914462825e-04
4.426272341698795003e+02 7.086510744037229038e-04 7.042106871341114729e-04 7.103937246380935891e-04
4.763708280255056593e+02 5.783362986426554596e-04 5.749665020795324604e-04 5.796582974963920354e-04
5.126868576428595361e+02 4.719010676878209452e-04 4.693439830124228134e-04 4.729038856805716298e-04
5.517714321197616982e+02 3.849706991132200015e-04 3.830305741236701244e-04 3.857313179698695070e-04
5.938356108897474996e+02 3.139743866280105444e-04 3.125026099982903616e-04 3.145512190073823698e-04
6.391065434577617452e+02 2.559965692827235887e-04 2.548803077568060141e-04 2.564339436148443865e-04
6.878286960233558602e+02 2.086560267991737091e-04 2.078096066422724017e-04 2.089875863405940754e-04
7.402651716152504378e+02 1.700074713560371963e-04 1.693658393493097168e-04 1.702587512375422886e-04
7.966991308660801678e+02 1.384614050946138741e-04 1.379751659768387517e-04 1.386517867736637949e-04
8.574353210995918744e+02 1.127420956168422695e-04 1.123741216708054618e-04 1.128861429510674767e-04
9.228017219874961938e+02 9.179846207698309909e-05 9.152000656397424945e-05 9.190744529153141700e-05
9.931513166626127713e+02 7.474416382609636684e-05 7.453345616005994695e-05 7.482661668651850620e-05
1.068863997852449074e+03 6.085724306313015328e-05 6.069780514245420487e-05 6.091962288766428982e-05
1.150348619326488006e+03 4.954967975785318522e-05 4.942903995737108825e-05 4.959687252287495234e-05
1.238045203735110363e+03 4.034256188948377432e-05 4.025128135594764579e-05 4.037826450682856840e-05
1.332427318762649065e+03 3.284585421898135184e-05 3.277678968152310669e-05 3.287286384144431917e-05
1.434004634425993800e+03 2.674191502436490603e-05 2.668966070761038921e-05 2.676234798202476912e-05
1.543325675328290117e+03 2.177206728977134433e-05 2.173253244252968996e-05 2.178752476733554272e-05
1.660980782730134706e+03 1.772565896275095354e-05 1.769574806623081935e-05 1.773735236958513641e-05
1.787605302433624047e+03 1.443115139641376657e-05 1.440852210934127702e-05 1.443999723255639979e-05
1.923883015694106007e+03 1.174886031662254456e-05 1.173174026973822745e-05 1.175555195467424049e-05
2.070549831686735160e+03 9.565043147004316301e-06 9.552091285724340259e-06 9.570105145567374427e-06
2.228397761467432247e+03 7.787083183001946519e-06 7.777284830498434296e-06 7.790912381659298406e-06
2.398279194887959420e+03 6.339567295621678869e-06 6.332154738980283983e-06 6.342463907749610912e-06
2.581111503560671736e+03 5.161091496444492485e-06 5.155483890356360129e-06 5.163282633788520094e-06
2.777881994729341386e+03 4.201659383325692304e-06 4.197417273882481397e-06 4.203316854146948779e-06
2.989653242797251096e+03 3.420563496503267221e-06 3.417354409463614792e-06 3.421817270988041243e-06
3.217568827303256512e+03 2.784659996280678701e-06 2.782232398580507905e-06 2.785608393785777127e-06
3.462859508331202960e+03 2.266963681464463241e-06 2.265127279101083308e-06 2.267681077544306949e-06
3.726849872700362084e+03 1.845503899962424891e-06 1.844114730706656420e-06 1.846046556931495781e-06
4.010965486826866254e+03 1.502392928287101793e-06 1.501342082597324992e-06 1.502803406126948961e-06
4.316740594881949619e+03 1.223067379013500780e-06 1.222272466295667012e-06 1.223377872245931143e-06
4.645826403817709433e+03 9.956705126715302873e-07 9.950692047987024123e-07 9.959053746891259715e-07
4.999999999999999091e+03 8.105492913784061303e-07 8.100944379238873417e-07 8.107269440684143610e-07
