1.0000e-01 9.4968e+03
1.1020e-01 9.4795e+03
1.2144e-01 9.4104e+03
1.3383e-01 9.2907e+03
1.4748e-01 9.1225e+03
1.6252e-01 8.9086e+03
1.7910e-01 8.6524e+03
1.9737e-01 8.3580e+03
2.1750e-01 8.0299e+03
2.3969e-01 7.6729e+03
2.6414e-01 7.2922e+03
2.9108e-01 6.8931e+03
3.2077e-01 6.4808e+03
3.5349e-01 6.0605e+03
3.8955e-01 5.6370e+03
4.2928e-01 5.2151e+03
4.7307e-01 4.7990e+03
5.2132e-01 4.3926e+03
5.7450e-01 3.9993e+03
6.3310e-01 3.6218e+03
6.9768e-01 3.2626e+03
7.6884e-01 2.9234e+03
8.4727e-01 2.6057e+03
9.3369e-01 2.3103e+03
1.0289e+00 2.0376e+03
1.1339e+00 1.7877e+03
1.2495e+00 1.5602e+03
1.3770e+00 1.3545e+03
1.5175e+00 1.1698e+03
1.6722e+00 1.0051e+03
1.8428e+00 8.5900e+02
2.0308e+00 7.3036e+02
2.2379e+00 6.1777e+02
2.4662e+00 5.1983e+02
2.7178e+00 4.3517e+02
2.9950e+00 3.6242e+02
3.3005e+00 3.0027e+02
3.6372e+00 2.4751e+02
4.0082e+00 2.0298e+02
4.4170e+00 1.6560e+02
4.8675e+00 1.3442e+02
5.3640e+00 1.0856e+02
5.9112e+00 8.7223e+01
6.5142e+00 6.9727e+01
7.1786e+00 5.5467e+01
7.9109e+00 4.3919e+01
8.7178e+00 3.4622e+01
9.6070e+00 2.7180e+01
1.0587e+01 2.1255e+01
1.1667e+01 1.6562e+01
1.2857e+01 1.2861e+01
1.4168e+01 9.9562e+00
1.5614e+01 7.6854e+00
1.7206e+01 5.9172e+00
1.8961e+01 4.5451e+00
2.0895e+01 3.4839e+00
2.3027e+01 2.6656e+00
2.5376e+01 2.0363e+00
2.7964e+01 1.5535e+00
3.0816e+01 1.1840e+00
3.3960e+01 9.0158e-01
3.7424e+01 6.8618e-01
4.1241e+01 5.2209e-01
4.5448e+01 3.9723e-01
5.0084e+01 3.0230e-01
5.5192e+01 2.3016e-01
6.0822e+01 1.7532e-01
6.7026e+01 1.3363e-01
7.3863e+01 1.0192e-01
8.1397e+01 7.7794e-02
8.9700e+01 5.9428e-02
9.8850e+01 4.5438e-02
1.0893e+02 3.4773e-02
1.2004e+02 2.6628e-02
1.3229e+02 2.0397e-02
1.4578e+02 1.5623e-02
1.6065e+02 1.1962e-02
1.7704e+02 9.1520e-03
1.9510e+02 6.9944e-03
2.1500e+02 5.3379e-03
2.3693e+02 4.0664e-03
2.6110e+02 3.0913e-03
2.8773e+02 2.3442e-03
3.1708e+02 1.7727e-03
3.4942e+02 1.3363e-03
3.8506e+02 1.0038e-03
4.2434e+02 7.5124e-04
4.6763e+02 5.6080e-04
5.1532e+02 4.1848e-04
5.6789e+02 3.1286e-04
6.2582e+02 2.3485e-04
6.8965e+02 1.7740e-04
7.6000e+02 1.3515e-04
8.3752e+02 1.0407e-04
9.2295e+02 8.1229e-05
1.0171e+03 6.4497e-05
1.1208e+03 5.2278e-05
1.2352e+03 4.3410e-05
1.3612e+03 3.7059e-05
1.5000e+03 3.2640e-05
