1.0000e-02 1.2718e+04
1.1279e-02 1.2277e+04
1.2721e-02 1.1913e+04
1.4347e-02 1.1614e+04
1.6181e-02 1.1370e+04
1.8250e-02 1.1173e+04
2.0584e-02 1.1015e+04
2.3216e-02 1.0889e+04
2.6184e-02 1.0789e+04
2.9532e-02 1.0710e+04
3.3308e-02 1.0645e+04
3.7566e-02 1.0589e+04
4.2369e-02 1.0537e+04
4.7787e-02 1.0485e+04
5.3897e-02 1.0427e+04
6.0788e-02 1.0357e+04
6.8560e-02 1.0272e+04
7.7326e-02 1.0168e+04
8.7213e-02 1.0039e+04
9.8363e-02 9.8816e+03
1.1094e-01 9.6933e+03
1.2512e-01 9.4711e+03
1.4112e-01 9.2130e+03
1.5917e-01 8.9180e+03
1.7952e-01 8.5860e+03
2.0247e-01 8.2180e+03
2.2836e-01 7.8160e+03
2.5755e-01 7.3830e+03
2.9048e-01 6.9232e+03
3.2763e-01 6.4416e+03
3.6952e-01 5.9442e+03
4.1676e-01 5.4373e+03
4.7005e-01 4.9282e+03
5.3015e-01 4.4253e+03
5.9793e-01 3.9374e+03
6.7438e-01 3.4715e+03
7.6060e-01 3.0334e+03
8.5785e-01 2.6271e+03
9.6754e-01 2.2553e+03
1.0912e+00 1.9195e+03
1.2308e+00 1.6197e+03
1.3881e+00 1.3552e+03
1.5656e+00 1.1245e+03
1.7658e+00 9.2540e+02
1.9916e+00 7.5538e+02
2.2462e+00 6.1167e+02
2.5334e+00 4.9139e+02
2.8573e+00 3.9169e+02
3.2226e+00 3.0982e+02
3.6347e+00 2.4320e+02
4.0994e+00 1.8948e+02
4.6235e+00 1.4655e+02
5.2147e+00 1.1251e+02
5.8814e+00 8.5768e+01
6.6334e+00 6.4920e+01
7.4816e+00 4.8808e+01
8.4381e+00 3.6464e+01
9.5170e+00 2.7080e+01
1.0734e+01 2.0001e+01
1.2106e+01 1.4698e+01
1.3654e+01 1.0750e+01
1.5400e+01 7.8296e+00
1.7369e+01 5.6806e+00
1.9590e+01 4.1074e+00
2.2094e+01 2.9610e+00
2.4919e+01 2.1290e+00
2.8105e+01 1.5275e+00
3.1699e+01 1.0941e+00
3.5752e+01 7.8255e-01
4.0323e+01 5.5923e-01
4.5479e+01 3.9944e-01
5.1294e+01 2.8529e-01
5.7852e+01 2.0378e-01
6.5249e+01 1.4556e-01
7.3591e+01 1.0395e-01
8.3000e+01 7.4222e-02
9.3613e+01 5.2970e-02
1.0558e+02 3.7781e-02
1.1908e+02 2.6934e-02
1.3431e+02 1.9194e-02
1.5148e+02 1.3676e-02
1.7085e+02 9.7440e-03
1.9269e+02 6.9440e-03
2.1733e+02 4.9505e-03
2.4512e+02 3.5313e-03
2.7646e+02 2.5208e-03
3.1180e+02 1.8012e-03
3.5167e+02 1.2884e-03
3.9663e+02 9.2283e-04
4.4734e+02 6.6194e-04
5.0454e+02 4.7549e-04
5.6905e+02 3.4205e-04
6.4181e+02 2.4639e-04
7.2387e+02 1.7772e-04
8.1642e+02 1.2836e-04
9.2081e+02 9.2818e-05
1.0385e+03 6.7178e-05
1.1713e+03 4.8649e-05
1.3211e+03 3.5241e-05
1.4900e+03 2.5528e-05
