# ----------------------------------------------------
# 			Analysis summary (2017-02-03) 
# ----------------------------------------------------
#  - Cosmic ray species 	: H He
#  - Experiments 			: AMS01, AMS02, BESS97, BESS98, BESS99, BESS00, BESSPOLAR1, BESSPOLAR2, PAMELA0608, PAMELA2006, PAMELA2007, PAMELA2008, PAMELA2009
#  - Modulation model 		: FF model
# ----------------------------------------------------
# Column 1 : E_IS
# Column 2 : Flux_IS(H)
# Column 3 : Flux_IS(He)
# 
1.000000000000000056e-01 1.229440565903999086e+05 8.439330465841254409e+03
1.075317494441021399e-01 1.114648414321572636e+05 7.621501421561846655e+03
1.156307713850916186e-01 1.010223925714202924e+05 6.880429964284211565e+03
1.243397913660992671e-01 9.152437092983417097e+04 6.209014097316623520e+03
1.337047529111131672e-01 8.288665493310366583e+04 5.600806721237909187e+03
1.437750598952340919e-01 7.503260896899081126e+04 5.049950495240196688e+03
1.546038371696508984e-01 6.789241683525504777e+04 4.551128883651455908e+03
1.662482108162366690e-01 6.140247439490537363e+04 4.099518442222371959e+03
1.787696095102182803e-01 5.550483617125319142e+04 3.690742850364992137e+03
1.922340885807277133e-01 5.014671108476647350e+04 3.320831240043199159e+03
2.067126784787814975e-01 4.528000296172578237e+04 2.986180417592349841e+03
2.222817594909957672e-01 4.086089183486330148e+04 2.683520612284593426e+03
2.390234646757992965e-01 3.684945241190577508e+04 2.409884420318535831e+03
2.570261131477925010e-01 3.320930641230992478e+04 2.162578644454426467e+03
2.763846759959986965e-01 2.990730576824475793e+04 1.939158758058523745e+03
2.972012772939107705e-01 2.691324395556912714e+04 1.737405748149607007e+03
3.195857328443593715e-01 2.419959296645565701e+04 1.555305115415272667e+03
3.436561295012941497e-01 2.174126365947776139e+04 1.391027830316827703e+03
3.695394481246307983e-01 1.951538742726980854e+04 1.242913063537901508e+03
3.973722334544957380e-01 1.750111730796115080e+04 1.109452526339113774e+03
4.273013144387209361e-01 1.567944683597340372e+04 9.892762720268497105e+02
4.594845788136004971e-01 1.403303506829108846e+04 8.811398238779891017e+02
4.940918060241288878e-01 1.254600513315892567e+04 7.839125076188917092e+02
5.313055628777054729e-01 1.120387121729393220e+04 6.965668780572699461e+02
5.713221666562308121e-01 9.993442508736532545e+03 6.181691398193549958e+02
6.143527207673936674e-01 8.902703188773773945e+03 5.478704714519591334e+02
6.606242283986181185e-01 7.920703816257133440e+03 4.848991705016840115e+02
7.103807900486351912e-01 7.037463112928860028e+03 4.285535446671182740e+02
7.638848912541316150e-01 6.243879185762297311e+03 3.781954808153154204e+02
8.214187873047449351e-01 5.531649312174147781e+03 3.332446296381586990e+02
8.832859922513204287e-01 4.893197493523589401e+03 2.931731490719231488e+02
9.498128800625412760e-01 4.321609052696682738e+03 2.575009543867226967e+02
1.021350406376662301e+00 3.810571613872307807e+03 2.257914271421869046e+02
1.098275959931271473e+00 3.354321857830766930e+03 1.976475390699581283e+02
1.180995353438102580e+00 2.947597495419349343e+03 1.727083504481253442e+02
1.269944964405548937e+00 2.585593946009242700e+03 1.506458457394020911e+02
1.365594037202567002e+00 2.263925247890619175e+03 1.311620722304917024e+02
1.468447158508263461e+00 1.978588764408920952e+03 1.139865501850059388e+02
1.579046919206142485e+00 1.725933284004113148e+03 9.887392564887623791e+01
1.697976776765563134e+00 1.502630144820407622e+03 8.560183955871788442e+01
1.825864133210586937e+00 1.305647045719408652e+03 7.396898922346129268e+01
1.963383644913735626e+00 1.132224235723095717e+03 6.379336059093595424e+01
2.111260781675118103e+00 9.798528033538891577e+02 5.491061197739772837e+01
2.270275653862480425e+00 8.462548161008027137e+02 4.717259212384328748e+01
2.441267127801854286e+00 7.293650882657792636e+02 4.044597753584920241e+01
2.625137251129118443e+00 6.273143825647243830e+02 3.461101604607818416e+01
2.822856011447954394e+00 5.384138768253272929e+02 2.956038308905394274e+01
3.035466453397989373e+00 4.611407516432832949e+02 2.519825833642774171e+01
3.264090181127699442e+00 3.941247776227083364e+02 2.143915392492807470e+01
3.509933275199776048e+00 3.361358015501112391e+02 1.820686456818249255e+01
3.774292655142990949e+00 2.860720492990283788e+02 1.543364594114897059e+01
4.058562921215511210e+00 2.429491792716453347e+02 1.305944674974124275e+01
4.364243711472695963e+00 2.058900336778002895e+02 1.103118973886913956e+01
4.692947612950804093e+00 1.741150459449129926e+02 9.302099960038397342e+00
5.046408668701230837e+00 1.469332711466717001e+02 7.831078905960405123e+00
5.426491525553258199e+00 1.237340127129375844e+02 6.582123270535947590e+00
5.835201270863365153e+00 1.039790230795355228e+02 5.523787132180421722e+00
6.274694010143857525e+00 8.719529260128705062e+01 4.628686312365378974e+00
6.747288241371978579e+00 7.297000089616234675e+01 3.873043554904314512e+00
7.255477085983478069e+00 6.094378681082579874e+01 3.236273028728382961e+00
7.801941441073996231e+00 5.080195808703071947e+01 2.700602498766726089e+00
8.389564122191261575e+00 4.226982773679341676e+01 2.250731353684356506e+00
9.021445071326995802e+00 3.510858878178103026e+01 1.873522539414879340e+00
9.700917710336646849e+00 2.911143683069154164e+01 1.557726333548591580e+00
1.043156652605773260e+01 2.409995908881370852e+01 1.293733813926311038e+00
1.121724597989522465e+01 1.992080065147557377e+01 1.073357828221285448e+00
1.206210084162955987e+01 1.644261199307804233e+01 8.896392601255463939e-01
1.297058805471602838e+01 1.355327556137236655e+01 7.366764101238096885e-01
1.394750024842388747e+01 1.115740438787307909e+01 6.094753613294473515e-01
1.499799102085069080e+01 9.174101635775798513e+00 5.038192790729386639e-01
1.612760212619011213e+01 7.534966985330481037e+00 4.161546919570279779e-01
1.734229270967643188e+01 6.182333627511289009e+00 3.434929168863261051e-01
1.864847074443206054e+01 5.067718301210432763e+00 2.833249162820768441e-01
2.005302683605936309e+01 4.150466155538939717e+00 2.335480078420850703e-01
2.156337057330992835e+01 3.396572131416899509e+00 1.924029818715764228e-01
2.318746961659487127e+01 2.777660922256552034e+00 1.584203150714617592e-01
2.493389173054409724e+01 2.270108286293118560e+00 1.303742817991101199e-01
2.681184998235239547e+01 1.854287447684087820e+00 1.072435873095594766e-01
2.883125134435170622e+01 1.513925456925649060e+00 8.817859146780082646e-02
3.100274895720762558e+01 1.235555613530917807e+00 7.247375495044214300e-02
3.333779832944847499e+01 1.008053328253295300e+00 5.954384766685462405e-02
3.584871776980262581e+01 8.222440734776700344e-01 4.890392301170014971e-02
3.854875337114745548e+01 6.705733047013195947e-01 4.015251421539348109e-02
4.145214888888718008e+01 5.468294087484070198e-01 3.295755936753848314e-02
4.457422088239431446e+01 4.459118290083944336e-01 2.704463167517496755e-02
4.793143951591693508e+01 3.636375246523472771e-01 2.218711281815282516e-02
5.154151544520713202e+01 2.965780164690337006e-01 1.819802960932280153e-02
5.542349324823331358e+01 2.419120262091969120e-01 1.492345237679102050e-02
5.959785189285914697e+01 1.973342383490803986e-01 1.223651248723898154e-02
6.408661277149634827e+01 1.609723077014967307e-01 1.003254749244614392e-02
6.891345587265745110e+01 1.313046943563277724e-01 8.225294839014449244e-03
7.410384470225787368e+01 1.070941400494862389e-01 6.743720555197749676e-03
7.968516061367853354e+01 8.733392773831981371e-02 5.529378966382703618e-03
8.568684725523111467e+01 7.120443547893837155e-02 4.534218195179868377e-03
9.214056589704568978e+01 5.803798609961420552e-02 3.718759036269252659e-03
9.908036245678894716e+01 4.729038698645116057e-02 3.050585893004765809e-03
1.065428471053425881e+02 3.851870868755259691e-02 2.503098012260893731e-03
1.145673873999297570e+02 3.136384429551713343e-02 2.054477436313421456e-03
1.231963159635462546e+02 2.553143137008675317e-02 1.686837073491812521e-03
1.324751538062850500e+02 2.077967642730628450e-02 1.385518226836945791e-03
1.424528504666633069e+02 1.691022697625681540e-02 1.138511951428284501e-03
1.531820422397939296e+02 1.376056576393133203e-02 9.359828612884790386e-04
1.647193298546538358e+02 1.119768806721605295e-02 7.698775866751574309e-04
1.771255770653106083e+02 9.112857062179674852e-03 6.336030897227620416e-04
1.904662317312897528e+02 7.417262385017606326e-03 5.217625661146801409e-04
2.048116710809135554e+02 6.038433283113424366e-03 4.299382851341734769e-04
2.202375729790064725e+02 4.917280572717619425e-03 3.544984944667560261e-04
2.368253151575567017e+02 4.005661314248841996e-03 2.924614454737745582e-04
2.546624045154292730e+02 3.264377025013085083e-03 2.414002104032236383e-04
2.738429387518571048e+02 2.661530695923933557e-03 1.993380065124576955e-04
2.944681027690132282e+02 2.171180167059164664e-03 1.646624194779045230e-04
3.166467024623763677e+02 1.772235826120473288e-03 1.360564378798672530e-04
3.404957387148543262e+02 1.447559377843707015e-03 1.124429107116468749e-04
3.661410246227016501e+02 1.183227818754167132e-03 9.293974134416602671e-05
3.937178492093520958e+02 9.679329424179813424e-04 7.682368384925647095e-05
4.233716911285081324e+02 7.924807941668702074e-04 6.350148143062420809e-05
4.552589861215656128e+02 6.493479997268373268e-04 5.248793394633225238e-05
4.895479522780014463e+02 5.324412463361380453e-04 4.338332850009235010e-05
5.264194774523130036e+02 4.368489008088268801e-04 3.585707673419033742e-05
5.660680735189732786e+02 3.586047325419238732e-04 2.963577599170273233e-05
6.087029024994778865e+02 2.945003015293831163e-04 2.449333229794859509e-05
6.545488799747163284e+02 2.419357701055977340e-04 2.024278580950614629e-05
7.038478616035883988e+02 1.988010200498501769e-04 1.672954608391225963e-05
7.568599190072418423e+02 1.633807243046713322e-04 1.382579464304725341e-05
8.138647117497013141e+02 1.342784283969579537e-04 1.142585388198768620e-05
8.751629626526533912e+02 1.103589180571984483e-04 9.442355858466399394e-06
9.410780442272319988e+02 9.069889661825485290e-05 7.803073089281715522e-06
1.011957684591884345e+03 7.454017707819156162e-05 6.448297179989001375e-06
1.088175801875682055e+03 6.125945271985325474e-05 5.328670755261806253e-06
1.170134476784307026e+03 5.034432016522054565e-05 4.403394431099352596e-06
1.258266073734755992e+03 4.137356043447907591e-05 3.638744051208884057e-06
1.353035521748601468e+03 3.400092284153307613e-05 3.006844575571398020e-06
1.454942767136405337e+03 2.794179025346022686e-05 2.484656255526669770e-06
1.564525410912205189e+03 2.296221432288342678e-05 2.053136385402642659e-06
1.682361544851421058e+03 1.886989992735406380e-05 1.696546258464708599e-06
1.809072801153558885e+03 1.550679264742009915e-05 1.401878200936171716e-06
1.945327631797844106e+03 1.274298451203803807e-05 1.158381899563489602e-06
2.091844834891742721e+03 1.047170376647175367e-05 9.571728311081304657e-07
2.249397346615179686e+03 8.605195993994996446e-06 7.909085750609212551e-07
2.418816318764515472e+03 7.071338130621654840e-06 6.535212505279639736e-07
2.600995503406918033e+03 5.810855054948883087e-06 5.399963530480535789e-07
2.796895967775888494e+03 4.775031586338233847e-06 4.461899503013015086e-07
3.007551164280962894e+03 3.923831767937281934e-06 3.686775878996504470e-07
3.234072382377780286e+03 3.224352974175458937e-06 3.046294079231862004e-07
3.477654611059384933e+03 2.649555264425018623e-06 2.517069351472260468e-07
3.739582842895640624e+03 2.177216998615806637e-06 2.079777734001997295e-07
4.021238852877169847e+03 1.789076442564484184e-06 1.718451056761397074e-07
4.324108487824763870e+03 1.470126254602895036e-06 1.419894300621854134e-07
4.649789504818885689e+03 1.208033635568901899e-06 1.173204087282014034e-07
4.999999999999999091e+03 9.926637674574456515e-07 9.693707529396451530e-08
