# ----------------------------------------------------
# 			Analysis summary (2017-02-03) 
# ----------------------------------------------------
#  - Cosmic ray species 	: H He
#  - Experiments (He data)	: AMS02, BESS97, BESS98, BESS99, BESS00, BESSPOLAR1, BESSPOLAR2
#  - Modulation model 		: FF model
# ----------------------------------------------------
# Column 1 : E_TOA
# Column 3 : Flux_TOA(AMS02)
# Column 4 : Flux_TOA(BESS97)
# Column 5 : Flux_TOA(BESS98)
# Column 6 : Flux_TOA(BESS99)
# Column 7 : Flux_TOA(BESS00)
# Column 8 : Flux_TOA(BESSPOLAR1)
# Column 9 : Flux_TOA(BESSPOLAR2)
# 
8.806899999999999451e-02 1.548138435551659597e+02 3.253664529483336310e+02 2.278958364372960830e+02 1.735607305628719530e+02 3.591761300126082546e+01 1.315017064782297496e+02 3.050093465287146159e+02
9.478292164299262357e-02 1.603514862034610928e+02 3.332943318730021360e+02 2.347842522705510930e+02 1.794986970293393256e+02 3.774655711793000279e+01 1.364833234508650150e+02 3.127834596056806618e+02
1.020086776866057504e-01 1.656991589602237411e+02 3.404685092203706063e+02 2.412612073754681887e+02 1.851938688605800394e+02 3.960524966259215773e+01 1.413357759913713210e+02 3.198784428760454261e+02
1.097852877184349041e-01 1.708068524576492848e+02 3.467974407340834091e+02 2.472555637256560885e+02 1.905903663334948419e+02 4.148523268916941475e+01 1.460167460738780392e+02 3.262062657222311941e+02
1.181547459761075475e-01 1.756229123527633362e+02 3.521937464075149364e+02 2.526963787556366867e+02 1.956310179015068798e+02 4.337685275759714898e+01 1.504819664021167398e+02 3.316821240572351144e+02
1.271622481191009568e-01 1.800947556355146162e+02 3.565761048924260876e+02 2.575141741168590670e+02 2.002582206422276272e+02 4.526924345325322463e+01 1.546857596043421665e+02 3.362262192544620802e+02
1.368564352884616975e-01 1.841696952970978316e+02 3.598711642211832782e+02 2.616423014893381378e+02 2.044149108420747893e+02 4.715033103076009269e+01 1.585816788033375815e+02 3.397655753938544763e+02
1.472896567723666061e-01 1.877958617958792615e+02 3.620154076192562229e+02 2.650183725184523951e+02 2.080456279996807609e+02 4.900686724451163911e+01 1.621232437998691580e+02 3.422358390931520944e+02
1.585182526959373062e-01 1.909232041176209691e+02 3.629569086832485709e+02 2.675857131235953261e+02 2.110976493412121613e+02 5.082449325929329120e+01 1.652647623616816475e+02 3.435830008728843836e+02
1.706028582618530354e-01 1.935045475581567871e+02 3.626569086333610130e+02 2.692947967295701233e+02 2.135221659745095053e+02 5.258783814819216218e+01 1.679622210908802629e+02 3.437649742530569483e+02
1.836087311846823777e-01 1.954966800068202417e+02 3.610911501548843603e+02 2.701046069227484168e+02 2.152754664730443892e+02 5.428065485035351401e+01 1.701742253095099500e+02 3.427529690822351540e+02
1.976061040871027463e-01 1.968614338628581777e+02 3.582509077532261585e+02 2.699838781052757781e+02 2.163200894055554500e+02 5.588599555546055342e+01 1.718629626662811347e+02 3.405325992675728344e+02
2.126705637609704047e-01 1.975667271717661606e+02 3.541436635425063173e+02 2.689121632892160960e+02 2.166259035319813790e+02 5.738642729553816935e+01 1.729951610702475477e+02 3.371046721970902809e+02
2.288834593412792939e-01 1.975875254997002344e+02 3.487933896750229792e+02 2.668806814723187699e+02 2.161710734394717406e+02 5.876428706556583847e+01 1.735430084531728028e+02 3.324856175579469664e+02
2.463323415971745145e-01 1.969066857894093516e+02 3.422404136294230170e+02 2.638929031194234653e+02 2.149428695712957165e+02 6.000197409144636396e+01 1.734850000847200135e+02 3.267075265262600396e+02
2.651114357122243415e-01 1.955156451829503510e+02 3.345408594964537201e+02 2.599648409822260078e+02 2.129382850552481727e+02 6.108227497027377240e+01 1.728066789940847343e+02 3.198177877560470392e+02
2.853221501069961308e-01 1.934149216494259917e+02 3.257656762331299660e+02 2.551250244552315394e+02 2.101644274579236935e+02 6.198871540217731280e+01 1.715012366830446240e+02 3.118783233433315445e+02
3.070736240516140358e-01 1.906143991633452686e+02 3.159992814930589589e+02 2.494141483191947657e+02 2.066386613942279098e+02 6.270593021844003090e+01 1.695699448288935969e+02 3.029644449654977620e+02
3.304833170254449781e-01 1.871333779219128814e+02 3.053378659650427380e+02 2.428844003362173964e+02 2.023884874509573422e+02 6.322004151116058779e+01 1.670223940159630445e+02 2.931633666237438547e+02
3.556776430064954031e-01 1.830003792916257339e+02 2.938874171336088352e+02 2.355984859000506333e+02 1.974511536270026113e+02 6.351903302388872419e+01 1.638765225014728628e+02 2.825724248184188809e+02
3.827926531157269663e-01 1.782527053249035021e+02 2.817615321614031814e+02 2.276283809440251957e+02 1.918730068185259938e+02 6.359310771378918048e+01 1.601584262755876296e+02 2.712970686674092917e+02
4.119747703026174213e-01 1.729357631775913262e+02 2.690790965823561010e+02 2.190538557424621047e+02 1.857086030841098818e+02 6.343501468048790315e+01 1.559019507574370493e+02 2.594486907520906129e+02
4.433815800393199891e-01 1.671021749319242531e+02 2.559619083803432318e+02 2.099608213993605830e+02 1.790196058016236407e+02 6.304033159113699014e+01 1.511480738332734859e+02 2.471423739262594097e+02
4.771826812932261075e-01 1.608107025398761607e+02 2.425323258155999042e+02 2.004395571669971901e+02 1.718735097179722970e+02 6.240768939805766280e+01 1.459440990036539176e+02 2.344946298271648573e+02
5.135606023732411929e-01 1.541250252679527932e+02 2.289110123494037907e+02 1.905828799621723704e+02 1.643422357486982150e+02 6.153892758151258136e+01 1.403426855866906067e+02 2.216212015516827307e+02
5.527117865954083165e-01 1.471124126827295981e+02 2.152148437551397251e+02 1.804843174733842091e+02 1.565006458179724120e+02 6.043917033788358850e+01 1.344007497078204949e+02 2.086349963311521662e+02
5.948476530905432158e-01 1.398423395589047686e+02 2.015550317238667901e+02 1.702363432360663751e+02 1.484250288398147859e+02 5.911681699578169003e+01 1.281782747824802868e+02 1.956442046867343834e+02
6.401957384823151465e-01 1.323850899884168371e+02 1.880355058157193469e+02 1.599287263594205797e+02 1.401916081250223272e+02 5.758344334444053203e+01 1.217370730957565570e+02 1.827506512398782093e+02
6.890009256009163030e-01 1.248103964719937409e+02 1.747515823442197416e+02 1.496470407422071389e+02 1.318751172397645632e+02 5.585361431456207271e+01 1.151395407908975841e+02 1.700484099157288824e+02
7.415267658674565832e-01 1.171861561024871179e+02 1.617889355344375986e+02 1.394713692449301448e+02 1.235474859860179322e+02 5.394461233856156923e+01 1.084474471470870753e+02 1.576227035245234447e+02
7.980569024900575625e-01 1.095772604592721962e+02 1.492228737904930256e+02 1.294752280635586317e+02 1.152766711853537629e+02 5.187608949213245069e+01 1.017207956556049169e+02 1.455490953749004746e+02
8.588966021569968134e-01 1.020445689790749384e+02 1.371179127212990636e+02 1.197247261313704598e+02 1.071256588614851069e+02 4.966965494035009243e+01 9.501678941433074499e+01 1.338929692788914565e+02
9.243744034981575819e-01 9.464404785652918406e+01 1.255276271170550189e+02 1.102779643517498158e+02 9.915165578979267025e+01 4.734841205920512408e+01 8.838892716152034268e+01 1.227092845144983073e+02
9.948438912165905590e-01 8.742608846929883271e+01 1.144947565833920464e+02 1.011846703254631734e+02 9.140547974489278715e+01 4.493646169867653128e+01 8.188624931421655617e+01 1.120425843185557682e+02
1.070685605470619528e+00 8.043501139483230133e+01 1.040515341064117791e+02 9.248605634681506160e+01 8.393114959823066101e+01 4.245838927354657244e+01 7.555274612265750989e+01 1.019272304322540066e+02
1.152309096817289102e+00 7.370875469916903455e+01 9.422020338474411005e+01 8.421488203851178866e+01 7.676566907485960201e+01 3.993875365586019655e+01 6.942693292627318158e+01 9.238783211592497935e+01
1.240155137813995445e+00 6.727873865513888063e+01 8.501368916218190463e+01 7.639569818288909175e+01 6.993899174558988818e+01 3.740159520909867297e+01 6.354159086637763210e+01 8.343983577557916931e+01
1.334698103221095611e+00 6.116989361182341156e+01 7.643638479020482634e+01 6.904524508351916268e+01 6.347414987336382097e+01 3.486997882377243485e+01 5.792366556375385755e+01 7.509024070411388152e+01
1.436448531658767402e+00 5.540083351488309660e+01 6.848502256504750108e+01 6.217297706178459293e+01 5.738752611552821747e+01 3.236558561671308354e+01 5.259431140664332105e+01 6.733840718448567486e+01
1.545955882551235394e+00 4.998415460355422368e+01 6.114959472540259355e+01 5.578168429722114041e+01 5.168924478361388708e+01 2.990836421182688909e+01 4.756906532893417960e+01 6.017692505457800678e+01
1.663811503246059864e+00 4.492683704365909847e+01 5.441429607861499562e+01 4.986818395576147367e+01 4.638365828670885094e+01 2.751624942251616446e+01 4.285813132168510720e+01 5.359251351652110884e+01
1.790651822331138954e+00 4.023072659662462769e+01 4.825846278357674635e+01 4.442405419402298605e+01 4.146990439131651129e+01 2.520495290664061372e+01 3.846675537727845295e+01 4.756692622573338980e+01
1.927161786393559284e+00 3.589307373096906417e+01 4.265748562994832582e+01 3.943638695640635916e+01 3.694251084694129617e+01 2.298782715658882125e+01 3.439567002496016102e+01 4.207783928434380272e+01
2.074078558779030246e+00 3.190710868977039283e+01 3.758368002737172731e+01 3.488853828306704941e+01 3.279202556630819743e+01 2.087580141463660155e+01 3.064158795252524925e+01 3.709970349256816746e+01
2.232195500325471205e+00 2.826263276090272925e+01 3.300709870614159058e+01 3.076085793029560733e+01 2.900565272616655932e+01 1.887741698938148716e+01 2.719772527241422111e+01 3.260454592005002894e+01
2.402366453566973981e+00 2.494661040699305232e+01 2.889627672049986984e+01 2.703138331795923222e+01 2.556787863555808826e+01 1.699891336488598270e+01 2.405434222496969454e+01 2.856270942333954466e+01
2.585510353543160278e+00 2.194381730382279727e+01 2.521892200859550215e+01 2.367652923053001501e+01 2.246113732713418543e+01 1.524427194626859539e+01 2.119935694898863687e+01 2.494354567200728212e+01
2.782616190112610965e+00 1.923736743280266026e+01 2.194261263714977161e+01 2.067174418806434844e+01 1.966638223966267418e+01 1.361536787667947479e+01 1.861880467637014647e+01 2.171611127851892675e+01
2.994748348567218610e+00 1.680910190165960572e+01 1.903516845445378891e+01 1.799188319746662756e+01 1.716346968739341605e+01 1.211216630752151602e+01 1.629723278360836858e+01 1.884953896843954624e+01
3.223052357387142575e+00 1.464005311821214228e+01 1.646501838337517398e+01 1.561165086547207181e+01 1.493162303299670413e+01 1.073294352165417287e+01 1.421815703604855230e+01 1.631342241246112224e+01
3.468761074174660841e+00 1.271086623270715599e+01 1.420157343676022421e+01 1.350601305431858989e+01 1.294985456880628938e+01 9.474523033920762671e+00 1.236447781364340059e+01 1.407819850869775635e+01
3.733201343171374642e+00 1.100216660746229635e+01 1.221552514410553236e+01 1.165054161702847324e+01 1.119732922027559674e+01 8.332517503965942041e+00 1.071884879822475334e+01 1.211545600983815341e+01
4.017801160309839581e+00 9.494872276087441776e+00 1.047907404148592292e+01 1.002169439454476318e+01 9.653669977346266862e+00 7.301568307399090685e+00 9.263995779562996802e+00 1.039817485841877165e+01
4.324097384491391693e+00 8.170452139281991322e+00 8.966094241661323849e+00 8.597034090341130863e+00 8.299206658076943910e+00 6.375575831176600872e+00 7.982985114837547691e+00 8.900901840201791870e+00
4.653744036731618294e+00 7.011132119572427435e+00 7.652240772238771527e+00 7.355390733217733512e+00 7.115170984528534248e+00 5.547914897785969579e+00 6.859442970949245044e+00 7.599868916116656159e+00
5.008521231989432998e+00 6.000052658783370241e+00 6.515006745182276404e+00 6.276973212349096443e+00 6.083842005946257459e+00 4.811631097531778423e+00 5.877727776031450801e+00 6.473061041397749626e+00
5.390344791912243139e+00 5.121381797727777574e+00 5.533737534077511455e+00 5.343435845237422654e+00 5.188646652655525493e+00 4.159615146857227330e+00 5.023059304662043090e+00 5.500240458687515321e+00
5.801276590406743594e+00 4.360388646452234340e+00 4.689609023186350534e+00 4.537906150646270120e+00 4.414220669187553625e+00 3.584753634501506969e+00 4.281608532129373756e+00 4.662934396296170014e+00
6.243535687902097564e+00 3.703482362683335083e+00 3.965576693487410154e+00 3.844979981202479191e+00 3.746435387640724368e+00 3.080055622453113706e+00 3.640552838201737806e+00 3.944392852424520424e+00
6.719510314431326847e+00 3.138221839243767963e+00 3.346301865332991454e+00 3.250689963326032217e+00 3.172395797842141540e+00 2.638755506108346083e+00 3.088101349334433809e+00 3.329522740901842415e+00
7.231770766240393833e+00 2.653301195192736550e+00 2.818060864042988722e+00 2.742452835567817715e+00 2.680415187967025492e+00 2.254393292898196677e+00 2.613495214356651442e+00 2.804804153281663215e+00
7.783083285567546916e+00 2.238515908803632826e+00 2.368642250530975435e+00 2.309000809538287680e+00 2.259971307050022915e+00 1.920874028534358180e+00 2.206987449334638196e+00 2.358193893411856479e+00
8.376424998544713674e+00 1.884714061188581313e+00 1.987236597406588423e+00 1.940301537238828811e+00 1.901648577251682903e+00 1.632508492939727329e+00 1.859806699912152306e+00 1.979020798073058529e+00
9.014999991886677222e+00 1.583736713149001440e+00 1.664322621156623105e+00 1.627470687976495745e+00 1.597070394068530907e+00 1.384037519780434211e+00 1.564108889982627426e+00 1.657876700995474240e+00
9.702256615183260990e+00 1.328350946873158467e+00 1.391552827357754651e+00 1.362680545854803693e+00 1.338825028244694071e+00 1.170642385621383230e+00 1.312920287137285147e+00 1.386506252731394717e+00
1.044190610222805127e+01 1.112178596188792223e+00 1.161641207685193411e+00 1.139067458768330710e+00 1.120388110638657730e+00 9.879436914312168527e-01 1.100075047054519528e+00 1.157698195565748378e+00
1.123794261194026767e+01 9.296231870643154593e-01 9.682549589478038898e-01 9.506404203805293163e-01 9.360441623565936009e-01 8.319910457525251379e-01 9.201498252906630260e-01 9.651801258612483503e-01
1.209466479710207665e+01 7.757971317481986429e-01 8.059116849257303983e-01 7.921925611849178761e-01 7.808091436366969562e-01 6.992456798478414726e-01 7.683975853222052566e-01 8.035182660979429681e-01
1.301669901738394763e+01 6.464507782930837276e-01 6.698830965674377191e-01 6.592168722406255288e-01 6.503555479831591990e-01 5.865579030047290976e-01 6.406823008397948271e-01 6.680233211702604201e-01
1.400902432201026926e+01 5.379045207364144821e-01 5.561058466417669877e-01 5.478270902479491777e-01 5.409411702701306668e-01 4.911410605094108095e-01 5.334158583429312595e-01 5.546631103192846135e-01
1.507699933697301731e+01 4.469848285415874423e-01 4.610998198253135061e-01 4.546843365835570028e-01 4.493423325837652693e-01 4.105434037963230920e-01 4.434981191561281899e-01 4.599823464505054527e-01
1.622639120198669005e+01 3.709647584749468652e-01 3.818939447962022560e-01 3.769298243309449625e-01 3.727920599941024760e-01 3.426190346817578058e-01 3.682608008179494852e-01 3.810296752483881555e-01
1.746340671344571049e+01 3.075092668174082000e-01 3.159593960042734184e-01 3.121237227849679718e-01 3.089234584249400672e-01 2.854988527693673728e-01 3.054155864019752475e-01 3.152918825404821268e-01
1.879472584155872283e+01 2.546254417393101765e-01 2.611499032345249161e-01 2.581900935648090423e-01 2.557183547785937816e-01 2.375622234047838899e-01 2.530066646718145962e-01 2.606350238414192333e-01
2.022753780265462353e+01 2.106176206000294482e-01 2.156487802605548953e-01 2.133676807018609067e-01 2.114611108076968060e-01 1.974098966696277990e-01 2.093677405629523480e-01 2.152521184597138426e-01
2.176957988145299083e+01 1.740472399258683189e-01 1.779222131333215440e-01 1.761662428835347183e-01 1.746974116181929937e-01 1.638385474138935871e-01 1.730834299221611361e-01 1.776169754143840374e-01
2.342917921294245076e+01 1.436971816096957733e-01 1.466783075621864996e-01 1.453280534427787152e-01 1.441977516298065254e-01 1.358171721430324053e-01 1.429548598547784322e-01 1.464436733370104160e-01
2.521529774949138769e+01 1.185402362034594786e-01 1.208313067873045960e-01 1.197940795991991464e-01 1.189252066092214843e-01 1.124653318251816331e-01 1.179691412942075884e-01 1.206511237919601909e-01
2.713758065601708935e+01 9.771119061822408636e-02 9.947024303259044409e-02 9.867421694639613716e-02 9.800695933970515750e-02 9.303332303046420171e-02 9.727227920068251543e-02 9.933200101194640530e-02
2.920640839455042936e+01 8.048341042706769199e-02 8.183277186492603217e-02 8.122238940182457956e-02 8.071043230325168627e-02 7.688522095166788750e-02 8.014641291471624740e-02 8.172679868020971128e-02
3.143295277945603772e+01 6.624810722326390788e-02 6.728232637228939717e-02 6.681467418124617530e-02 6.642220788906189055e-02 6.348321579921521740e-02 6.598959267440210330e-02 6.720115444098516411e-02
3.382923730601086021e+01 5.449617949036654474e-02 5.528823560397184284e-02 5.493021030126188364e-02 5.462958563029376297e-02 5.237362448540729132e-02 5.429803696391515000e-02 5.522610681054782727e-02
3.640820207811862019e+01 4.480263355621093985e-02 4.540878557300915414e-02 4.513488258635110772e-02 4.490477876880459573e-02 4.317463466981023845e-02 4.465088328783700655e-02 4.536126527727433327e-02
3.918377368577547060e+01 3.681326856099177008e-02 3.727683432908005662e-02 3.706742623370370276e-02 3.689142233624845280e-02 3.556562762300471969e-02 3.669713340275038843e-02 3.724051101639114236e-02
4.217094040962898305e+01 3.023333565522443381e-02 3.058763162429428348e-02 3.042763011471970314e-02 3.029309329188920041e-02 2.927792462833205683e-02 3.014451731495334033e-02 3.055988362199663771e-02
4.538583315874113566e+01 2.481790952874848508e-02 2.508853326385051055e-02 2.496635109723458965e-02 2.486357300825601038e-02 2.408680499589149759e-02 2.475002554246057140e-02 2.506734785819478978e-02
4.884581257862470949e+01 2.036373789319791822e-02 2.057033731326176479e-02 2.047708429521953935e-02 2.039861145023516217e-02 1.980465086705291561e-02 2.031188443991744155e-02 2.055417072110981430e-02
5.256956279994194148e+01 1.670245820650708216e-02 1.686009413639947760e-02 1.678895830699369054e-02 1.672907617602635913e-02 1.627519911408817702e-02 1.666287293029631786e-02 1.684776377699190655e-02
5.657719233411620507e+01 1.369492521189855441e-02 1.381513872334882813e-02 1.376090211182449952e-02 1.371523079025892093e-02 1.336861566181165445e-02 1.366472247533877075e-02 1.380573897585343247e-02
6.089034266069850077e+01 1.122593464651198275e-02 1.131756784652008727e-02 1.127623412860706900e-02 1.124141738418038723e-02 1.097686134658206955e-02 1.120290188358063870e-02 1.131040527983508126e-02
6.553230509286990468e+01 9.200163136068296305e-03 9.269983598755358531e-03 9.238495055361619149e-03 9.211963665787005484e-03 9.010136300469819351e-03 9.182605638477985693e-03 9.264527762300496863e-03
7.052814655215999551e+01 7.538843849975507445e-03 7.592026622365721442e-03 7.568045773120062568e-03 7.547834793306177487e-03 7.393925406856777412e-03 7.525464809282627829e-03 7.587872094871888837e-03
7.590484493157498491e+01 6.176972188399875753e-03 6.217471253662640827e-03 6.199212653558511081e-03 6.183820554365202643e-03 6.066492330357334956e-03 6.166780143876829032e-03 6.214308419919203560e-03
8.169143477810558807e+01 5.060963129840198409e-03 5.091797248376571383e-03 5.077898114760751209e-03 5.066178364390419922e-03 4.976761160270618510e-03 5.053200674274240488e-03 5.089389829284548736e-03
8.791916408130921923e+01 4.146692004017527196e-03 4.170164360552472069e-03 4.159585202335780441e-03 4.150662936454124589e-03 4.082531273492222279e-03 4.140780945724221312e-03 4.168332159072574844e-03
9.462166301463791740e+01 3.397859631316905472e-03 3.415726398231473410e-03 3.407674786280917405e-03 3.400882845187056230e-03 3.348977318467235599e-03 3.393358871512545689e-03 3.414332066974696579e-03
1.018351255407247038e+02 2.784630985532038968e-03 2.798230528249673246e-03 2.792102686273824092e-03 2.786932577425959255e-03 2.747392124636283909e-03 2.781204203551490128e-03 2.797169433001390343e-03
1.095985048613112696e+02 2.282503821683190635e-03 2.292855626678214857e-03 2.288191724798261523e-03 2.284256069890204868e-03 2.254135779246076512e-03 2.279894713186289296e-03 2.292048089731236853e-03
1.179537237672599588e+02 1.871370116780277093e-03 1.879250460696776578e-03 1.875700430839485509e-03 1.872704237184870044e-03 1.849759049986335249e-03 1.869383439810413201e-03 1.878635831029051807e-03
1.269459010245533790e+02 1.534738763277940753e-03 1.540738538099456533e-03 1.538035958410396715e-03 1.535754661619599887e-03 1.518273759770609596e-03 1.533225844093264942e-03 1.540270662154017865e-03
1.366235950187846697e+02 1.259092804286645381e-03 1.263661669355406513e-03 1.261603829326020431e-03 1.259866525556538937e-03 1.246546650735389471e-03 1.257940463433919204e-03 1.263305434387124518e-03
1.470390659738320664e+02 1.033358680458901311e-03 1.036838748893648696e-03 1.035271443668928136e-03 1.033948094740228495e-03 1.023796733046450792e-03 1.032480778795225691e-03 1.036567446801892967e-03
1.582485581607212168e+02 8.484685441224001402e-04 8.511200668720161943e-04 8.499260065082893303e-04 8.489176833038112420e-04 8.411791335399268965e-04 8.477995335968734926e-04 8.509133850718209090e-04
1.703126036206180061e+02 6.969997568679869165e-04 6.990206935487711061e-04 6.981106730139989645e-04 6.973421202623853290e-04 6.914410773467586594e-04 6.964897638256044429e-04 6.988631846167502526e-04
1.832963490420816584e+02 5.728782880886402638e-04 5.744192117031972399e-04 5.737253875309747311e-04 5.731393607074269968e-04 5.686378920439081252e-04 5.724893670558509106e-04 5.742991282968123133e-04
1.972699075577361043e+02 4.711349342231637327e-04 4.723103770108196811e-04 4.717811503003526232e-04 4.713341043079516640e-04 4.678988580074840836e-04 4.708382149437851088e-04 4.722187852646478464e-04
2.123087373600845922e+02 3.876996859816757355e-04 3.885968825922128602e-04 3.881929567957205464e-04 3.878517232188344668e-04 3.852286175034586773e-04 3.874731736630158746e-04 3.885269791795689025e-04
2.284940491810240815e+02 3.192225415272376848e-04 3.199078854447735170e-04 3.195993549053530451e-04 3.193386884556450428e-04 3.173342351189704165e-04 3.190494928410861526e-04 3.198544931663691287e-04
2.459132448354710334e+02 2.629716769521708874e-04 2.634955618145928781e-04 2.632597297338352699e-04 2.630604679842524435e-04 2.615277203246465609e-04 2.628393808607793381e-04 2.634547516910623025e-04
2.646603891972717406e+02 2.167258673626284667e-04 2.171265862266568932e-04 2.169462072456333941e-04 2.167937884457217523e-04 2.156210231230258612e-04 2.166246631570744252e-04 2.170953731327746993e-04
2.848367181560929566e+02 1.786765655008075123e-04 1.789832488910405260e-04 1.788452050447919767e-04 1.787285512485187427e-04 1.778307338604849367e-04 1.785991027147467174e-04 1.789593622628270957e-04
3.065511852983015615e+02 1.473492601298672061e-04 1.475840918378426168e-04 1.474783941186709262e-04 1.473890688155950895e-04 1.467014122540857173e-04 1.472899402284248401e-04 1.475658027817742439e-04
3.299210502639458014e+02 1.215402232278164858e-04 1.217201137749824707e-04 1.216391481585652693e-04 1.215707200446633691e-04 1.210438158384003355e-04 1.214947778372382222e-04 1.217061045189151867e-04
3.550725119570040533e+02 1.002655545747500442e-04 1.004034068173841900e-04 1.003413641091916028e-04 1.002889258937452046e-04 9.988505956636004686e-05 1.002307264284049991e-04 1.003926719967460470e-04
3.821413900282879581e+02 8.272006917043197660e-05 8.282573672346696164e-05 8.277818083291774457e-05 8.273798481955278868e-05 8.242834374669709961e-05 8.269337043903536545e-05 8.281750863924347962e-05
4.112738583110457284e+02 6.824414325628582747e-05 6.832515563204133284e-05 6.828869695733244397e-05 6.825787931501119230e-05 6.802043908488503089e-05 6.822367266794719589e-05 6.831884770902070135e-05
4.426272341698795003e+02 5.629862821614138829e-05 5.636073663741095712e-05 5.633278625017750201e-05 5.630915945928087523e-05 5.612709172255308230e-05 5.628293336596871610e-05 5.635590087335862989e-05
4.763708280255056593e+02 4.644176226805707023e-05 4.648937497481550217e-05 4.646794859014900380e-05 4.644983590293629450e-05 4.631023785615783373e-05 4.642972978303539291e-05 4.648566800954324945e-05
5.126868576428595361e+02 3.830888695621527406e-05 3.834538506742317832e-05 3.832896080407061865e-05 3.831507612751724876e-05 3.820804856906562328e-05 3.829966279668080059e-05 3.834254356254435369e-05
5.517714321197616982e+02 3.159888438355317749e-05 3.162686097444719830e-05 3.161427170504249059e-05 3.160362867832685409e-05 3.152157766776836166e-05 3.159181350340936682e-05 3.162468298174125864e-05
5.938356108897474996e+02 2.606313470165418298e-05 2.608457830189824376e-05 2.607492903426602602e-05 2.606677124102432954e-05 2.600387187702535478e-05 2.605771472914841536e-05 2.608290896458918646e-05
6.391065434577617452e+02 2.149638583153327297e-05 2.151282124493364680e-05 2.150542572286262078e-05 2.149917313319816566e-05 2.145095788517117235e-05 2.149223151818936863e-05 2.151154182570718293e-05
6.878286960233558602e+02 1.772920586164407919e-05 1.774180221943084311e-05 1.773613427812647763e-05 1.773134215150968691e-05 1.769438486411082292e-05 1.772602179986508425e-05 1.774082168224106655e-05
7.402651716152504378e+02 1.462174499476901154e-05 1.463139865648830983e-05 1.462705490332896271e-05 1.462338225714783091e-05 1.459505562900330778e-05 1.461930468369091386e-05 1.463064720849426012e-05
7.966991308660801678e+02 1.205858076604183406e-05 1.206597891572452661e-05 1.206265010274999620e-05 1.205983552283741069e-05 1.203812500120681278e-05 1.205671055045135893e-05 1.206540305348600176e-05
8.574353210995918744e+02 9.944459134791724687e-06 9.950128562624042087e-06 9.947577628685290319e-06 9.945420714272073829e-06 9.928781700347229111e-06 9.943025884153515202e-06 9.949687272553653977e-06
9.228017219874961938e+02 8.200776303561577358e-06 8.205120820356335900e-06 8.203166050628517888e-06 8.201513182726722842e-06 8.188761481337607624e-06 8.199677961204707133e-06 8.204782664753780121e-06
9.931513166626127713e+02 6.762672857163926042e-06 6.766001987811056710e-06 6.764504099193064150e-06 6.763237526041873778e-06 6.753465309369882407e-06 6.761831191738144703e-06 6.765742870265075733e-06
1.068863997852449074e+03 5.576633975612290684e-06 5.579184962437211475e-06 5.578037200443545467e-06 5.577066667611231505e-06 5.569578017401016090e-06 5.575989022140172779e-06 5.578986414344349729e-06
1.150348619326488006e+03 4.598507834176970103e-06 4.600462508717084740e-06 4.599583054208131789e-06 4.598839386596261493e-06 4.593100858267898367e-06 4.598013631228232882e-06 4.600310375488928456e-06
1.238045203735110363e+03 3.791869508401369521e-06 3.793367227426658740e-06 3.792693374836587356e-06 3.792123555761232828e-06 3.787726266941601162e-06 3.791490829444236714e-06 3.793250661224118378e-06
1.332427318762649065e+03 3.126670289658214660e-06 3.127817852869838782e-06 3.127301546939741975e-06 3.126864945339970094e-06 3.123495504664332632e-06 3.126380136909364180e-06 3.127728540397010603e-06
1.434004634425993800e+03 2.578122734935922303e-06 2.579001988115413543e-06 2.578606402336112313e-06 2.578271880420584478e-06 2.575690096927557651e-06 2.577900417967317184e-06 2.578933558654247787e-06
1.543325675328290117e+03 2.125780394545080386e-06 2.126454057969479169e-06 2.126150971752902380e-06 2.125894667753969519e-06 2.123916460583765471e-06 2.125610057300390476e-06 2.126401629610468890e-06
1.660980782730134706e+03 1.752778291799225028e-06 1.753294427936886643e-06 1.753062216167488213e-06 1.752865844720173839e-06 1.751350140778173881e-06 1.752647783437770098e-06 1.753254259761696916e-06
1.787605302433624047e+03 1.445206125445933446e-06 1.445601563436031418e-06 1.445423655499374527e-06 1.445273204871058772e-06 1.444111894498396536e-06 1.445106134804400038e-06 1.445570788925785087e-06
1.923883015694106007e+03 1.191591041037408531e-06 1.191894001421777431e-06 1.191757700132874529e-06 1.191642433689716092e-06 1.190752671062289155e-06 1.191514433197764082e-06 1.191870424131666448e-06
2.070549831686735160e+03 9.824708475820068574e-07 9.827029539726252190e-07 9.825985303865541647e-07 9.825102212824455009e-07 9.818285225042492847e-07 9.824121553771842503e-07 9.826848909361018093e-07
2.228397761467432247e+03 8.100418866051628795e-07 8.102197074188540942e-07 8.101397071089565177e-07 8.100720517486034066e-07 8.095497711400546308e-07 8.099969208954491632e-07 8.102058691366498107e-07
2.398279194887959420e+03 6.678685130375860448e-07 6.680047430309904466e-07 6.679434544516833566e-07 6.678916229843296704e-07 6.674914858933861805e-07 6.678340640283296426e-07 6.679941415011207070e-07
2.581111503560671736e+03 5.506434212339471463e-07 5.507477869612057828e-07 5.507008340391807091e-07 5.506611258812337953e-07 5.503545713778737982e-07 5.506170295755071251e-07 5.507396652004314701e-07
2.777881994729341386e+03 4.539899277706411144e-07 4.540698814491377717e-07 4.540339113842339401e-07 4.540034912392633819e-07 4.537686355977085257e-07 4.539697091433252120e-07 4.540636594854605382e-07
2.989653242797251096e+03 3.742988740568852521e-07 3.743601252707241197e-07 3.743325693034426109e-07 3.743092648752023497e-07 3.741293408759620511e-07 3.742833847479281672e-07 3.743553587587810818e-07
3.217568827303256512e+03 3.085940929607012284e-07 3.086410160889978800e-07 3.086199061860888999e-07 3.086020531711626805e-07 3.084642140916179793e-07 3.085822268571421822e-07 3.086373645989393889e-07
3.462859508331202960e+03 2.544214415349820495e-07 2.544573879436462806e-07 2.544412163350645398e-07 2.544275396478742219e-07 2.543219427538233446e-07 2.544123511925086899e-07 2.544545906629376214e-07
3.726849872700362084e+03 2.097572753421443032e-07 2.097848125948222451e-07 2.097724241477380409e-07 2.097619469110148368e-07 2.096810511521483293e-07 2.097503115041776464e-07 2.097826697105551708e-07
4.010965486826866254e+03 1.729329609087897137e-07 1.729540560534971379e-07 1.729445658086129371e-07 1.729365396203262240e-07 1.728745674812992965e-07 1.729276261641931463e-07 1.729524144874837852e-07
4.316740594881949619e+03 1.425726180202917922e-07 1.425887780230950904e-07 1.425815080117743812e-07 1.425753595156208740e-07 1.425278846637970827e-07 1.425685312953085381e-07 1.425875205023116989e-07
4.645826403817709433e+03 1.175417748111850128e-07 1.175541541539739778e-07 1.175485849890608137e-07 1.175438749375505042e-07 1.175075062689507390e-07 1.175386441632879909e-07 1.175531908366420184e-07
4.999999999999999091e+03 9.690502403519918293e-08 9.691450715366662911e-08 9.691024094020178966e-08 9.690663282998337571e-08 9.687877238317338980e-08 9.690262580824423196e-08 9.691376921350791501e-08
